Jobs:20 Machines:5
54 83 15 71 77 36 53 38 27 87 76 91 14 29 12 77 32 87 68 94 
79  3 11 99 56 70 99 60  5 56  3 61 73 75 47 14 21 86  5 77 
16 89 49 15 89 45 60 23 57 64  7  1 63 41 63 47 26 75 77 40 
66 58 31 68 78 91 13 59 49 85 85  9 39 41 56 40 54 77 51 31 
58 56 20 85 53 35 53 41 69 13 86 72  8 49 47 87 58 18 68 28 
Span: 1448

Solution:
Max: 1716 min: 1417 avg: 1522.28
1577 1417 1552 1462 1440 1488 1438 1583 1532 1597 1485 1558 1457 1436 1652 1479 1716 1478 1621 1561 1546 1480 1521 1582 1500 1628 1619 1599 1425 1592 1485 1529 1498 1461 1442 1507 1525 1564 1515 1533 1529 1492 1517 1419 1538 1542 1568 1429 1447 1553 

Total time: 8.44726 sec
