Jobs:50 Machines:5
75 87 13 11 41 43 93 69 80 13 24 72 38 81 83 88 26  6 89 67 70 30 89 30 68 21 78 46 99 10 17 23 83 47 86 18 67 46  4 14  4 20 88 50 84 58 93 76 50 30 
26 37 25 95 49 12 59 17 46 20 52 44 92 75 95 33 10 45  2 62 62 82 29 29 94 20 42 80 94 35  8 41 65  4 71 30 14 32 50 30 27 98 39 84 65 12 58 45 49 15 
48  4 92 92 72 45  5 98 93 17 79 11 16 89 81 92 45 61 39 28 94 87 23  1 55 91 67 91  4 60 38 25 90 93 13 65 25 34 47 98 91 11 46 50 77  5 14 47 80 45 
26 67  4 14 93 54 21 20  6 18 75 25 16 77 28 24 15 77 36 16 32 46 21 81 28 70 89 54 96 62 46 60 19 97 13  7 44  7 73 15 66 70 97 33 97 64 73 28  4 87 
77 94  9 57 29 79 55 73 65 86 25 39 76 24 38  5 91 29 22 27 39 31 46 18 93 58 85 58 97 10 79 93  2 87 17 18 10 50  8 26 14 21 15 10 85 46 42 18 36  2 
Span: 3095

Solution:
Max: 2958 min: 2758 avg: 2825
2793 2877 2867 2828 2809 2806 2821 2804 2809 2806 2819 2860 2824 2844 2816 2917 2778 2852 2842 2788 2958 2825 2837 2768 2838 2820 2818 2777 2801 2906 2764 2816 2802 2792 2803 2787 2852 2773 2799 2869 2849 2786 2922 2787 2933 2775 2758 2800 2818 2857 

Total time: 18.5562 sec
