Tabutype: Objective Value
Tabulist Size: 300
Iteration Times:1000
Solution Num:50

Solution:
Max: 4104 min: 3963 avg: 4023.1
4019 4044 4000 4012 3963 4104 4052 3997 3996 4047 4018 4005 4065 4021 4019 4030 4026 4011 4048 4054 4041 4007 3990 4076 4015 3999 4005 4027 4048 3982 4006 4004 3991 4023 4008 4011 3986 4023 4009 4018 4036 3996 3980 4066 4037 4060 4055 4065 4040 4020 

Jobs:50 Machines:20
14  4 12 73 20 28  2  4 57 53 46 44 62 89 21 53  8 60 89 83  2 28 40 51 96 55 86 37 52 91 34 44 41 71  4 80 68 95 33 98 97 95 95 75 37 59 84 98 85 42 
18 17 60 33  7 55  4 90 21 15 99 53 18 10 91 31 75 47 71 50 14 24 68 57 91  6 93 74 63  5 82 24 97 58 75 46 52 93 78 41 49 99 17 70 42 82 80 33 98 69 
24 80 81  5 59 16 13 19 23 32 74 46 37 40 48 95 90  9 62 20 66 35 53 67 35 76 63 66 82 24 24 34 78 11 93 12 65 67  2 82  6 21 65 95 48 73 87 85 30 79 
76 86 29 36 49 28 71 47 31 96 21 76 21 36 86  8 56 55  5 69 66 71 26 26 59 62 66 53 16  3 17 68 61 41 53 27 95 72 47 81 56 26 67 66 93 36 37 52 76 46 
79 27 20 75  8 74 92 38 59 84 26 21 38 78 66 25 67  8 44 14 70 39 33 84 56 97 24 61 63 78  7 83 29 10 23 86 85 76 10 42 72 55 58 35  9 75 30 60 20 59 
55 19 85 23  6 88 55 12 66 65 15 47 54 76 27 15 30 76 10 93 53 28 76 14  8 67 17 18 94 24 55 65 41 81 60 77 77 96 91 41 92 34 96 62 56 10 18 39 85 89 
25  7 14  9 64 12 32 68 45 14 37  8 98 37 47 78  1 12 28 89 62 32 74 90 33 89 34 56 79 17 43 75 29 97 22 19 60 24 38 87 89 21 21 32 57 84 26 14 99 93 
21  2 39 62 30 46 84 36 57 49 68 48 83 78 24  5 89 88 58 53 31 67 22 49 78 27 38 82 22 70 33 56 77 96 45 52 29 50 93 83 86  6 71 55 65 98 50 85 44 24 
25 76 69  2 30 59 71 43 78 77 57 17 93 82 82  4 85 10 80 49 21 33 46 83 86 19 35 21 80 68 65  3 77 70 76 59 14 93 59 85 33 13 67 77 75 46 72 72 70 64 
64 30 30 22  4 14 93 32 84 77 22 66 32 98 91 55 31 79  9  7 98 10 73 60 81 34 96 11 96 31 39 14 48 43 95  5 25 58 45 87 95  3 11 57 10 88 70 77  1 50 
79 35 62 74 95 98 48 72 93 80 98 88 65 34 30 72 77 13 26 25 36 45 17 79 67 55 39  3 53 39 75 43 14 92 46 90 57 29 93 88 48 19  9 62 93 77 42 30 94 99 
97 85 64 26 92 82 66 61 98 81 46 38 36 96 51 20  3 36 25 27 97 48 56 21 18 67 51 81 54 65 69 44 31 63 44 90 75 24 73 29 61 67 27 77 72 38 15 31 96 25 
 2 57 81 78 16 30 98 22 88 26 59 22 69 35 13 49 35 65  3 95 44 32 48 43 96 63 98 53 71 76 13 84 14 19 81 68  4 26 55 87  1 90 14 82 94 27 78 25 76 59 
46 52 71 14 90 17 82 96 34 56 95 65 97 10 24 56 43 59 50 69 61 38 65 88 19 73 91 39 27 52  4 39 17 75 63 66 30 85 42 37 76 93 16 63 51  8 51 74 88 49 
16 76 42 44 83 97 96 51 54 11 38 84 66  2 11 80 12 22 90 53 29  3 82 95 69 14 23 91 95 25 17 89 10 47 30 65 83 29 19 87 90 53 79 22 53 56 84 83 34 54 
22  6 11 37 32 58 40 82 43 23  6 53 49 85 31 19 23 59 51 35 88 30 52  9 80 65 22 75  3 66 64 85 68 11  3 11 19 59 52 96 77 80 37 32 63 21 48 44 64 78 
 6  8 50 23 92 58 31 55 66 82 64 87 45 98 36 42 88 94 64 63 83  2 49 46 30 36 13 17 92 52 51 71 21 52 13 64 81 97 68 56 42 62  3 83 21 94 23 18 50 11 
60 40 96 83 33 72 77 79 44 98 88 85 66 47 87 66 51 31 82 92 28 73 13  9 90 45 49  4 80 61 75 68 76 98 48 66 27 71 13 12 74 38 98 34 23 77 19 78 16 55 
 3 32 85 42 63 59 59 53 92 58 74 14 41 67  4 77 65 30 95 37 34 48  2 92 12 95  6 95 61 78 16 14 95 93 39 42 42 59 27  8 66 86 72 42 21 32 46  7 34 16 
47 99 55 37 60 62 22 19 39 62 84 62 54 97 61 57 76 40 70 50 41 43 91 14 53 64 89 33 74 13 91 56 51 87 35 10 57 97 62 90  1 38  6 31 16 48  9 69 12  4 
Span: 3963

Total time: 191.122 sec
SD: 28.0868
