Tabutype: Objective Value
Tabulist Size: 100 ~ 600
Iteration Times:1000
Solution Num:50

Solution:
Max: 2795 min: 2733 avg: 2755.14
2765 2741 2774 2752 2752 2735 2774 2774 2774 2752 2752 2742 2752 2752 2741 2752 2752 2733 2774 2741 2774 2735 2795 2774 2752 2752 2774 2765 2752 2752 2774 2752 2774 2735 2741 2752 2774 2752 2752 2752 2752 2735 2735 2752 2752 2752 2741 2774 2745 2752 

Jobs:50 Machines:5
13 18  4 21 88 47 17 76 78  6 38 67 88 26  4 80 72 75 41 23 46 30 83 30 93 43 58 10 14 11 84 24 93 50 89 30 69 20 68 87 50 46 70 99 81 83 89 86 67 13 
20 30 27 20 39  4  8 45 42 45 92 62 33 10 50 46 44 26 49 41 32 29 65 82 58 12 12 35 30 95 65 52 59 84 29 15 17 98 94 37 49 80 62 94 75 95  2 71 14 25 
17 65 91 91 46 93 38 47 67 61 16 28 92 45 47 93 11 48 72 25 34  1 90 87 14 45  5 60 98 92 77 79  5 50 23 45 98 11 55  4 80 91 94  4 89 81 39 13 25 92 
18  7 66 70 97 97 46 28 89 77 16 16 24 15 73  6 25 26 93 60  7 81 19 46 73 54 64 62 15 14 97 75 21 33 21 87 20 70 28 67  4 54 32 96 77 28 36 13 44  4 
86 18 14 58 15 87 79 18 85 29 76 27  5 91  8 65 39 77 29 93 50 18  2 31 42 79 46 10 26 57 85 25 55 10 46  2 73 21 93 94 36 58 39 97 24 38 22 17 10  9 
Span: 2733

Total time: 76.8965 sec
SD: 14.3299
