Tabutype: Objective Value
Tabulist Size: 100
Iteration Times:1000
Solution Num:50

Solution:
Max: 2752 min: 2729 avg: 2740.34
2729 2735 2752 2748 2752 2735 2735 2752 2752 2751 2729 2752 2729 2735 2741 2752 2729 2741 2729 2752 2735 2729 2729 2731 2729 2731 2729 2729 2752 2729 2729 2752 2735 2752 2745 2752 2729 2752 2730 2752 2729 2729 2752 2752 2752 2752 2731 2735 2752 2752 

Jobs:50 Machines:5
21 43 10  4 30 81 17 23 14 70 99 13 88 41 50 38 26 88 18 11 58 24 20 75 76 93 46 47 78 68 30 67  6 87 84 46 80 89  4 50 83 93 69 30 72 83 86 89 67 13 
20 12 35 27 29 75  8 41 30 62 94 20 39 49 49 92 10 33 30 95 12 52 98 26 45 59 32  4 42 94 15 62 45 37 65 80 46  2 50 84 95 58 17 82 44 65 71 29 14 25 
91 45 60 91  1 89 38 25 98 94  4 17 46 72 80 16 45 92 65 92  5 79 11 48 47  5 34 93 67 55 45 28 61  4 77 91 93 39 47 50 81 14 98 87 11 90 13 23 25 92 
70 54 62 66 81 77 46 60 15 32 96 18 97 93  4 16 15 24  7 14 64 75 70 26 28 21  7 97 89 28 87 16 77 67 97 54  6 36 73 33 28 73 20 46 25 19 13 21 44  4 
58 79 10 14 18 24 79 93 26 39 97 86 15 29 36 76 91  5 18 57 46 25 21 77 18 55 50 87 85 93  2 27 29 94 85 58 65 22  8 10 38 42 73 31 39  2 17 46 10  9 
Span: 2729

Total time: 53.8572 sec
SD: 10.3758
