Tabutype: Objective Value
Tabulist Size: 1000
Iteration Times:1000
Solution Num:50

Solution:
Max: 5603 min: 5500 avg: 5540.86
5527 5527 5527 5603 5564 5527 5527 5527 5527 5527 5527 5587 5528 5565 5527 5568 5527 5529 5565 5529 5527 5564 5565 5527 5527 5527 5527 5565 5591 5527 5527 5527 5527 5527 5565 5565 5546 5527 5565 5565 5546 5527 5527 5500 5505 5587 5527 5509 5527 5565 

Jobs:100 Machines:5
 8 75 86 80 29 67 11 12 49 61 67 38 79 85 48 39 30 46 10 69 66  7 13  6 21 68 31  7 61 93 42 79 42 69 55 83 82 79 89  6 74 98 71 47  1 66 91 25 27 45  4 57 50 55 59 40 28 19 59 54 52 79  4 33 86 64 79 74 74 87 88 42 82 52 61 26 84 55 60 85  8  4 97 44 43 34 44 65 27 95 26 84 62 21 99 81 54 97 98 73 
93 68 70 16 90 49 46 16 14 69 73 55  1 19 35 19 44 56 46 52  7  6 94 77 50 89 49  1 79 31 40 82 68 39 98 81 36 16  7 10 77 42 36 28 84 52 51 92 52 40 27 97 18 84 33  4 21 26 72 15 97 59 40 88 24 44 89 22 59 58  7 46 14 88 22 73 46 51 28 16 90 22 37 37 46 96 51 55 16 66 64 79 15 76 72 93 28 47 41 34 
 2  1 34 75 18 68 65 68 74  8 57  7 61 36 96 33 84 99  1 31 41  2 56 62 96 20 38 78 33 35 30 65 19 91 95 54 55 57 61 92 81 16 98  9  6 20 76 25 51 56 99 38 67 89 57  4 37 28 98 42 12 14 92  4 80 58 26 20 57 76 40 95 82 30 83 66 37 96 16 62 52 83  2 71 88 11 28 41 79 44 43 30 78 84 91  4 42 85 59  8 
92 91 12 87  3 33 90 84 47 63 18 50 81 64 49  6 95 65 54 18 95  9 82 84 16 50 69 24 97  3 63 56 53 90 56 87 67 31 62  4 80 67 62 53 96 22 45 20 34 90 54 46 89 10 38 92 80 73  1 77  8 39 89 90 56 43 64 76 11  5 42 26 22  3 47 67 86 32 70 63 26 97  7 54  9 33 55 98 91 21 25 25 94 49 45 52 28 46 12 62 
88 84 98 63 22 62 98 55 98 62 41 61 63 47 48 37 41 95 33 80 52 39 94 85 55 99 17 54 89 73 89 47 64 70 50 14 42 45 84 44  7 92 43 49 77 79 56 68 51 11 97 34  6  1 89 40 90 20 12 70 35 86 84  6 82 12 98  6 76  7 69 55 59 96 49 46 60 56 36 37  3 50 87 35  5  8 16 94 17 84 36 49 15 18 85 16 45  5 70 10 
Span: 5500

Total time: 530.107 sec
SD: 23.5389
