Tabutype: Objective Value
Tabulist Size: 20 ~ 100
Iteration Times:1000
Solution Num:50

Solution:
Max: 1297 min: 1279 avg: 1296.08
1297 1297 1297 1297 1297 1297 1297 1297 1297 1297 1297 1297 1297 1297 1297 1297 1297 1297 1297 1297 1297 1297 1297 1297 1297 1297 1297 1297 1297 1297 1297 1297 1297 1279 1297 1283 1297 1297 1297 1297 1297 1297 1297 1297 1297 1297 1297 1297 1297 1283 

Jobs:20 Machines:5
15 12 36 38 71 68 54 27 29 76 14 83 77 32 53 87 77 87 94 91 
11 47 70 60 99  5 79  5 75  3 73  3 56 21 99 86 14 56 77 61 
49 63 45 23 15 77 16 57 41  7 63 89 89 26 60 75 47 64 40  1 
31 56 91 59 68 51 66 49 41 85 39 58 78 54 13 77 40 85 31  9 
20 47 35 41 85 68 58 69 49 86  8 56 53 58 53 18 87 13 28 72 
Span: 1279

Total time: 3.86981 sec
SD: 3.70791
