Tabutype: Objective Value
Tabulist Size: 20 ~ 100
Iteration Times:1000
Solution Num:50

Solution:
Max: 2360 min: 2305 avg: 2324.38
2331 2338 2319 2338 2327 2312 2315 2319 2313 2327 2329 2317 2350 2327 2325 2327 2318 2305 2335 2337 2307 2329 2321 2329 2320 2330 2318 2321 2322 2350 2325 2316 2311 2320 2327 2321 2360 2326 2317 2336 2319 2326 2325 2311 2319 2321 2318 2314 2327 2324 

Jobs:20 Machines:20
39  1 84 27 78 66 48 68 46 93 48 81 87 92 43 50 90 34 39 65 
 2 93 13 66 77 84 38 57 83 12 97 73  1 52 65 78 56 43  9 39 
54 85 17 85 85 55 70 39 82  6 91 48 72 82 87 36 43 19 10  4 
41  4 29 53 45  4 21 53 33 43 63 99 19 18 80 85 88 98 60 31 
49 39 84 31 20 51 15 31 47 69 80  8 88 83 93  9 92 44 98 13 
57 80 69 26 61 22 33  9 68 37 81 41 74 28 36 75 64 95 96 96 
63 46 31 85 36 20 92 75 43 76 70 51 88 70 89 46 94 19  6 25 
47 28 83 36 65 80 98 46 90 75 10 82 22 46 61 73  3 73 56 59 
65 73 10 76 79  8 73  6 80 93  6 25 18 33 26 71 49 87 36 42 
 9  2  5 89 74  5 95 83 58  6 28 25 41 35  3  7 40 64 33 35 
21 64 84  1 79 65 79 37 10 93 77 55 35 80 85 49 49 18 15 46 
86 83 74 24 51 65 55 40 26 54 89 58 44 94 22  3 53  7 59 19 
89 17 79 55 55 11 59 53 81 13 92 16 41 23  2 60 88 26 15 97 
 1  3 24 91 25 43 94 89 73 55 12 16 71 58 67 12 47 17 46  1 
95 94 94 72 49 27 88 59 48 15 74 48 71 86 41 75 19 87 60 15 
51 38 37 32 98 34  1 80  1 31 19 69 72 57 66 31 61 32 47 62 
96 10 75 26  7 47 65 42 17 63 59 94 38 80  7 70 78  9 41 47 
85 62 16 11 65 64 38 37 68 38 74 62 97  9 50 20 78 26 38 39 
10 70 67 94 99 21 10 85 73 61 82  7 49 62  4 88 30 33 34 31 
84 17 60  3 89 83  8 30 75 90 57 55 19 65 74  9 41 34 22  2 
Span: 2305

Total time: 11.5237 sec
SD: 10.6597
