Tabutype: Objective Value
Tabulist Size: 20
Iteration Times:1000
Solution Num:50

Solution:
Max: 1297 min: 1278 avg: 1295.2
1278 1297 1297 1297 1297 1278 1297 1297 1297 1297 1297 1297 1297 1297 1297 1297 1297 1297 1297 1297 1297 1297 1297 1297 1297 1297 1278 1297 1297 1286 1297 1297 1297 1278 1297 1297 1297 1297 1297 1294 1297 1297 1297 1297 1297 1297 1297 1297 1297 1297 

Jobs:20 Machines:5
27 12 54 68 14 38 32 36 53 76 77 87 29 77 15 71 83 87 94 91 
 5 47 79  5 73 60 21 70 99  3 56 86 75 14 11 99  3 56 77 61 
57 63 16 77 63 23 26 45 60  7 89 75 41 47 49 15 89 64 40  1 
49 56 66 51 39 59 54 91 13 85 78 77 41 40 31 68 58 85 31  9 
69 47 58 68  8 41 58 35 53 86 53 18 49 87 20 85 56 13 28 72 
Span: 1278

Total time: 3.27912 sec
SD: 5.36808
