Tabutype: Objective Value
Tabulist Size: 500 ~ 2000
Iteration Times:1000
Solution Num:50

Solution:
Max: 5997 min: 5830 avg: 5904.82
5956 5863 5904 5871 5886 5871 5851 5983 5832 5953 5853 5956 5920 5935 5936 5856 5929 5899 5906 5863 5992 5925 5949 5928 5903 5874 5878 5837 5919 5914 5902 5848 5900 5915 5871 5897 5911 5910 5924 5983 5922 5997 5889 5885 5830 5897 5903 5940 5903 5872 

Jobs:100 Machines:10
 5 28  4 15 44 60  2 52 24 12 21 18 33 33  4 99 82 95  2 52 93 17 97 71 86 75 95 90 31 44 10  7 68 41 57 33 59 98 60  6 55 62 89 51 21 55 99 20 37 42 63 40 96 53  8 41 53 93 58 17 14  4  4 74 80 97 37 82 91 71 95 46 91 50 28 68 83 49 24 53 47 70 89 73 91 46 85 84 75 18 69 80 98 42 78 75 34 98 57 14 
 3 16 19 96 46 29 66 82 68 81 31 21  2 36 80 21 17 67 13 95 72 86 61  5 63 95 21 47  8 34 36 49 26 78 23 52 73 82  9 62 28 37 40 67 48 76 26 59 66 93 16 53 35 32 90 81 95 66 41 67 66 71 93 53 12  6 48 36 24 11 65 74 86 69 35 65 20 56 71 76 55 66 62  5 59 27 30 87 56 76 46 37 76 79 47 53 24 85 26 24 
24 74 38 65 21 85 70 63 65 20 66 54 10 23 27 15 55 76 92 77 96 19 41 10 24 35 55 12 15 83 76  6 76 29 59 39 75 42  8 67 88 38 78 84 66 97 34  8 61 56 94 33 56 84 67 41 25 17 81 96 53 55 23 18 86 72  9 10 78 10 58 26 27 93 39 85 14 92 28 47 76 62 44 75  8 77 20 30 30 55 89 18 85 59 91 60  7 60 14 79 
70 12 68 49  8 39 62 79 56 14 57 83 38 62  7 68 33 24 32 29 50  2 77 58 34 32 21 36  5 75 78 30 22 29 45 85 84 87 12 27 46 98 37 90 47 89  6 64 56 65 22 74 33 14  1 83 78 38 96 71 31 84 22 82 19 89 57 98 17 97 21 37 24 53 32 60 89 86 67 48 88 55 28  9 78 52 99 26 89 21 24 50 44 93 93 45 43 14 49 25 
31 59 43 77 17 30 21 80 14 69 84 32 59 22 76 22 39 93 71 25 58 30 48  9 35 77 13 32 55  3 98  4 73 77 78 77 46 85 10 34 14 93 82 83 82 19  3 30 21 10 96 46 86 77 85 87  4 96 43 11 98 93 76 11 59 33 75 88 68 70 67 57 91  7 33 14 49 95 10 66 79 57 80  2 81  5 70 72 31 64 50 70  1 64 45 95 65 72 60 25 
65 98 72 81 88 64 36 53 44 62 98 36 93 26 35 46 69 29 48 75 24 85 31 25 39 62 19 61 20 43 96 92 56 14 93 31 77 88 13 67 82 65 34 79 30 55 67 95  3 72 54 17 67 80 77 29 72 51 63 27 97 66 46 81 90 48 93 38 39 92  9 98 51 27 45 57 25 61 48 38 36 77 26 74 18 90 94 42  3 97 25 15 96 99 73 44 75 30 21 79 
52 30 22 56 22 71 44 71 39 81 34 97 55 14 57 95  4 26 98 30 85 52 17 50 98 82 90 96 56 84 10 90 65 14 88 74 27 87 65 73 17 69 35 43 13 63 93 16 53 51 27 48 96 26 35 37 49 91 75 16 61 82 81 39 68  1 94  8 76 19 14 59 24 69 32  4 95 76 38 65 59 63  3 78 19 66 76 78 43 46 49 51 88 59 42 63 13 25 88  2 
66 97 51 23 84 11 29 95 85 42 43 49 19 37 76  6 64 29 96 19 59  6 68 51 23 22 53 82 19 89 85 32 52 10 54 44 56 87 22 65 58 66  2 95 11 14 80 83 91 63  3 82 69 11 12 96 80 22 11 37 88 40 30 75 65 90 53 21 25 47 79 38 31 35  3 83 53 77 30 53 59 32 90 44 80 11 34 84 23 22 78 48 64 54 52  3 17 83  9 16 
61 58 55 98 87 96 83 92 68 50 44 66 68 83  8 88 75 97 31 27 71 40 76 82 13 83 62 79 66 71 47 33 13 21 66 78 94 56 94 45 72 45 98 46 36 36 38 92 17 23 80 49 30 82 88 12 42 49 98 98 28 77 13  4 64 42 21 77 52 52  3 64 87 92  2 81 63 74 73 85 31 34 64 23 90 66 50 23 51 60 55 19 16 11 13 48 51 18  9  6 
13 59 53 62 14 55 34 61 56 85 39 54 27 37 32 84 91 59 59 57 97 99 51 70  6 42 86 19 57 14 97 60 91 95 92 69 32  8 30 64 62 41 67 92  4 95 38 63 95 16 74  2 12 58 65 90 77 89 87  6 41 22 39 33 42 66 21 48 78 93 72 74 61 50 48 42 37  1 43 62 40 31 95 42 53 10 34 46 76 47  4  9 12 16 62 35 16  7 14  3 
Span: 5830

Total time: 843.165 sec
SD: 40.7575
