Tabutype: Objective Value
Tabulist Size: 600
Iteration Times:1000
Solution Num:50

Solution:
Max: 3176 min: 3080 avg: 3120.26
3134 3081 3139 3110 3149 3126 3124 3117 3099 3128 3085 3107 3126 3134 3089 3146 3086 3108 3107 3126 3126 3117 3141 3149 3107 3080 3126 3135 3146 3086 3176 3131 3131 3126 3136 3086 3133 3095 3108 3151 3097 3088 3126 3129 3167 3106 3126 3155 3086 3126 

Jobs:50 Machines:10
19 16 38 26 61  8 73 85  7 49 44  2 75 66  7 53 45 46  2 42 84 73 52 47 44 32 85 79 85 13 23 95 85 12 63 88 19 24 69 76 90 24 10 97 98 61 19 11 44 58 
 4 50 42 22 35 69 71 11 55  2  4 74 59 64 96 37 25 61 10 56 81 15 87 40 28 25 94 51 63 26 99 16 93  7 63 56 53 40 94 30 87 90 93 73  4 36 66 85 96 67 
36 76 23 39 35 32 38 11 32 69 88 28 43 48 67  2 85  3 87  9 64  7  1 53 58 41 64 58 88 11 49 96  3 90 69 17 82 91 24 71 96 56 71 33 53 26 25 61 10 83 
47 18 41 77  6 39 12 87 10 91 22 37 19 63 68  2 57 51 65 69 36 54 24 63 50 91 21 21 59 39 29 11 24 49 78 75 31 92 43 67 31 51 51 69 56 87 62 57  4 15 
77 93 10 31 71 82  7  3 87 51 58  3 36 88 36 44 47 37 91 59 11 49 16 99 94 24 72 42 38 97 48 41 44 86 33 37 94 98 54  6 94 34 14 94 69 62 66 44 25 78 
82 24  2 73 43  1 66 40 99 28 99 11 62 74 33 25 75 79 44 27 91  8 93 83 34 15 76 68 43 27 62 78 36 52 91 30 98 60 35 90  3 39 44 37 60 62 11  6 76 16 
29  5 54 46 23 95 48 61 95 67  7 11 78 66  8 97 38 83  3 92 77 57 87  8 23 87 97 38 94 71  6  7 85 82 52 27 67 72 37 57 65 19 67 86 49 22  4 85 76 46 
14 94 80  3 61 47 69 86 75 74 39 28 68 47 89 92 25 22 98 41 11 98 29 55 80 59 33 99 90 42 30 26 74 55 47 66 95 47 24 57  5 82 55 98  8 38 26 72 36 41 
65 87 53 43 81 41 51 59 15 39 62 93 20  2 22 16 94 27 23 94 88 40 92 14 37 54 56 75 66 22 32 91 27 12 93 78 33 30 81 34 77 58 41 18 79 30  2 36  5  1 
91 10 34 57 81 93 23 38 12 22 90 49 50 93 62 62 66 24 32 81 54  2 47 97 24 39 68 39 26 82 84 64 51 59 40 11 94 11 87 81 27 23 46 41 23 21 34 11 22 10 
Span: 3080

Total time: 118.244 sec
SD: 23.3831
