Tabutype: Objective Value
Tabulist Size: 100
Iteration Times:1000
Solution Num:50

Solution:
Max: 4041 min: 3966 avg: 3997.16
4000 4014 4001 3980 3986 4013 4041 3983 4005 3987 3976 3988 4009 3989 4002 4006 3989 4016 4024 3995 4001 3980 3986 4002 4003 3993 3990 3986 4023 3993 3976 4015 4010 3974 3987 3983 3982 3983 4009 3993 3966 3992 4023 4007 4009 4018 3997 3988 3991 3994 

Jobs:50 Machines:20
 2 12  4 91 20  2 28 46  4 33 53 73  4 89 89 44 40 71 55 52  8 97 98 21 83 95 28 86 14 84 34 62 68 57 53 98 41 59 95 44 51 96 37 75 95 80 60 85 37 42 
14 60 90  5  7  4 24 99 17 78 31 33 75 10 71 53 68 58  6 63 75 49 33 91 50 99 55 93 18 80 82 18 52 21 15 41 97 82 93 24 57 91 74 70 17 46 47 98 42 69 
66 81 19 24 59 13 35 74 80  2 95  5 93 40 62 46 53 11 76 82 90  6 85 48 20 21 16 63 24 87 24 37 65 23 32 82 78 73 67 34 67 35 66 95 65 12  9 30 48 79 
66 29 47  3 49 71 71 21 86 47  8 36 53 36  5 76 26 41 62 16 56 56 52 86 69 26 28 66 76 37 17 21 95 31 96 81 61 36 72 68 26 59 53 66 67 27 55 76 93 46 
70 20 38 78  8 92 39 26 27 10 25 75 23 78 44 21 33 10 97 63 67 72 60 66 14 55 74 24 79 30  7 38 85 59 84 42 29 75 76 83 84 56 61 35 58 86  8 20  9 59 
53 85 12 24  6 55 28 15 19 91 15 23 60 76 10 47 76 81 67 94 30 92 39 27 93 34 88 17 55 18 55 54 77 66 65 41 41 10 96 65 14  8 18 62 96 77 76 85 56 89 
62 14 68 17 64 32 32 37  7 38 78  9 22 37 28  8 74 97 89 79  1 89 14 47 89 21 12 34 25 26 43 98 60 45 14 87 29 84 24 75 90 33 56 32 21 19 12 99 57 93 
31 39 36 70 30 84 67 68  2 93  5 62 45 78 58 48 22 96 27 22 89 86 85 24 53  6 46 38 21 50 33 83 29 57 49 83 77 98 50 56 49 78 82 55 71 52 88 44 65 24 
21 69 43 68 30 71 33 57 76 59  4  2 76 82 80 17 46 70 19 80 85 33 72 82 49 13 59 35 25 72 65 93 14 78 77 85 77 46 93  3 83 86 21 77 67 59 10 70 75 64 
98 30 32 31  4 93 10 22 30 45 55 22 95 98  9 66 73 43 34 96 31 95 77 91  7  3 14 96 64 70 39 32 25 84 77 87 48 88 58 14 60 81 11 57 11  5 79  1 10 50 
36 62 72 39 95 48 45 98 35 93 72 74 46 34 26 88 17 92 55 53 77 48 30 30 25 19 98 39 79 42 75 65 57 93 80 88 14 77 29 43 79 67  3 62  9 90 13 94 93 99 
97 64 61 65 92 66 48 46 85 73 20 26 44 96 25 38 56 63 67 54  3 61 31 51 27 67 82 51 97 15 69 36 75 98 81 29 31 38 24 44 21 18 81 77 27 90 36 96 72 25 
44 81 22 76 16 98 32 59 57 55 49 78 81 35  3 22 48 19 63 71 35  1 25 13 95 90 30 98  2 78 13 69  4 88 26 87 14 27 26 84 43 96 53 82 14 68 65 76 94 59 
61 71 96 52 90 82 38 95 52 42 56 14 63 10 50 65 65 75 73 27 43 76 74 24 69 93 17 91 46 51  4 97 30 34 56 37 17  8 85 39 88 19 39 63 16 66 59 88 51 49 
29 42 51 25 83 96  3 38 76 19 80 44 30  2 90 84 82 47 14 95 12 90 83 11 53 53 97 23 16 84 17 66 83 54 11 87 10 56 29 89 95 69 91 22 79 65 22 34 53 54 
88 11 82 66 32 40 30  6  6 52 19 37  3 85 51 53 52 11 65  3 23 77 44 31 35 80 58 22 22 48 64 49 19 43 23 96 68 21 59 85  9 80 75 32 37 11 59 64 63 78 
83 50 55 52 92 31  2 64  8 68 42 23 13 98 64 87 49 52 36 92 88 42 18 36 63 62 58 13  6 23 51 45 81 66 82 56 21 94 97 71 46 30 17 83  3 64 94 50 21 11 
28 96 79 61 33 77 73 88 40 13 66 83 48 47 82 85 13 98 45 80 51 74 78 87 92 38 72 49 60 19 75 66 27 44 98 12 76 77 71 68  9 90  4 34 98 66 31 16 23 55 
34 85 53 78 63 59 48 74 32 27 77 42 39 67 95 14  2 93 95 61 65 66  7  4 37 86 59  6  3 46 16 41 42 92 58  8 95 32 59 14 92 12 95 42 72 42 30 34 21 16 
41 55 19 13 60 22 43 84 99 62 57 37 35 97 70 62 91 87 64 74 76  1 69 61 50 38 62 89 47  9 91 54 57 39 62 90 51 48 97 56 14 53 33 31  6 10 40 12 16  4 
Span: 3966

Total time: 177.513 sec
SD: 15.2842
