Tabutype: Objective Value
Tabulist Size: 100
Iteration Times:1000
Solution Num:50

Solution:
Max: 1620 min: 1582 avg: 1602.44
1597 1588 1607 1597 1598 1602 1593 1620 1618 1606 1606 1586 1605 1586 1612 1607 1605 1609 1616 1608 1619 1586 1618 1586 1607 1607 1618 1582 1604 1608 1599 1586 1594 1602 1593 1614 1611 1601 1592 1593 1605 1613 1618 1605 1598 1603 1606 1603 1599 1586 

Jobs:20 Machines:10
22 21 21 44 31 61  4 94 66 37 97 58 28 99 83 83 94 58 74  6 
15 34  3 41 54 98 61 43 42 88 70 27 76 49 87 72 76 64 28 79 
34  7 52 87 46 60 13 36 26  7  7 56 32 36 98 48 23 32 89 85 
10 76 88 48 79 26 58 78 77 24 95 26 98 85 47 55 19 29 60 90 
39 70 66 11 16 41 57 58 30  5 68 12 82 58 84 31 23 99 54  5 
74 57 11 19 51 36 97 86 40 79 54 54 53 24 77  3 53 65 92 56 
91 27  8 96 49 82 72 13 60 37 43 88 22 84  2 67 93 50  9 11 
28 95 18 61  6 90 28  5 75 38 57 25 51  4 18 80 69 84  4  4 
48 56 15 83 76 99 49 64 74 18 84 91 10 96 70 86 58 62 25 14 
 4 95 84 66 76 26 30 91 67 98 70  8 79 71 91 62 42  9 15  3 
Span: 1582

Total time: 6.88717 sec
SD: 10.3217
