Tabutype: Objective Value
Tabulist Size: 100
Iteration Times:1000
Solution Num:50

Solution:
Max: 1297 min: 1286 avg: 1296.78
1297 1297 1297 1297 1297 1297 1297 1297 1297 1297 1297 1297 1297 1297 1297 1297 1297 1297 1297 1297 1297 1297 1297 1297 1297 1297 1297 1297 1297 1297 1297 1297 1297 1297 1297 1297 1297 1297 1297 1297 1297 1297 1297 1297 1297 1286 1297 1297 1297 1297 

Jobs:20 Machines:5
27 76 12 36 32 71 83 14 38 15 87 77 54 77 68 29 87 53 94 91 
 5  3 47 70 21 99  3 73 60 11 86 14 79 56  5 75 56 99 77 61 
57  7 63 45 26 15 89 63 23 49 75 47 16 89 77 41 64 60 40  1 
49 85 56 91 54 68 58 39 59 31 77 40 66 78 51 41 85 13 31  9 
69 86 47 35 58 85 56  8 41 20 18 87 58 53 68 49 13 53 28 72 
Span: 1286

Total time: 4.30451 sec
SD: 1.55563
