Tabutype: Objective Value
Tabulist Size: 300
Iteration Times:1000
Solution Num:50

Solution:
Max: 3193 min: 3063 avg: 3135.66
3149 3172 3133 3174 3118 3122 3176 3150 3133 3123 3149 3142 3148 3147 3133 3117 3156 3156 3126 3128 3105 3131 3116 3134 3135 3090 3124 3162 3146 3116 3121 3169 3063 3135 3146 3137 3193 3140 3107 3120 3143 3126 3151 3146 3118 3108 3148 3126 3129 3146 

Jobs:50 Machines:10
13  2 11 26 16 32 53 45 38 75 19  7 61 76 85 44 42 12 46  2 44 73 52 88 19 63  8 98 19 23 85 85 24 66 69 49 95 10 85 97 84 47 79 90 73  7 44 61 24 58 
26 10 85 22 50 25 37 25 42 59  4 96 35 30 93  4 56  7 61 74 28 15 87 56 53 63 69  4 66 99 11 63 90 64 94  2 16 93 94 73 81 40 51 87 71 55 96 36 40 67 
11 87 61 39 76 41  2 85 23 43 36 67 35 71  3 88  9 90  3 28 58  7  1 17 82 69 32 53 25 49 11 88 56 48 24 69 96 71 64 33 64 53 58 96 38 32 10 26 91 83 
39 65 57 77 18 91  2 57 41 19 47 68  6 67 24 22 69 49 51 37 50 54 24 75 31 78 39 56 62 29 87 59 51 63 43 91 11 51 21 69 36 63 21 31 12 10  4 87 92 15 
97 91 44 31 93 24 44 47 10 36 77 36 71  6 44 58 59 86 37  3 94 49 16 37 94 33 82 69 66 48  3 38 34 88 54 51 41 14 72 94 11 99 42 94  7 87 25 62 98 78 
27 44  6 73 24 15 25 75  2 62 82 33 43 90 36 99 27 52 79 11 34  8 93 30 98 91  1 60 11 62 40 43 39 74 35 28 78 44 76 37 91 83 68  3 66 99 76 62 60 16 
71  3 85 46  5 87 97 38 54 78 29  8 23 57 85  7 92 82 83 11 23 57 87 27 67 52 95 49  4  6 61 94 19 66 37 67  7 67 97 86 77  8 38 65 48 95 76 22 72 46 
42 98 72  3 94 59 92 25 80 68 14 89 61 57 74 39 41 55 22 28 80 98 29 66 95 47 47  8 26 30 86 90 82 47 24 74 26 55 33 98 11 55 99  5 69 75 36 38 47 41 
22 23 36 43 87 54 16 94 53 20 65 22 81 34 27 62 94 12 27 93 37 40 92 78 33 93 41 79  2 32 59 66 58  2 81 39 91 41 56 18 88 14 75 77 51 15  5 30 30  1 
82 32 11 57 10 39 62 66 34 50 91 62 81 81 51 90 81 59 24 49 24  2 47 11 94 40 93 23 34 84 38 26 23 93 87 22 64 46 68 41 54 97 39 27 23 12 22 21 11 10 
Span: 3063

Total time: 109.227 sec
SD: 22.6415
