Tabutype: Objective Value
Tabulist Size: 2000
Iteration Times:1000
Solution Num:50

Solution:
Max: 5565 min: 5495 avg: 5543.68
5527 5527 5565 5527 5527 5527 5564 5565 5527 5527 5527 5527 5565 5564 5527 5564 5495 5565 5527 5565 5565 5527 5564 5565 5565 5527 5564 5527 5565 5527 5527 5527 5565 5565 5527 5527 5527 5565 5527 5565 5564 5565 5527 5527 5527 5527 5564 5564 5527 5565 

Jobs:100 Machines:5
28 26 39 52  7 75 12  4 11  8 69 91 97 66 61 42  6 25 38 47 84 55 13 68 54 84 89 62 21 54 27 29 26 74 64 98 19  7 69 33  4 67 59  8 42 97  1 49 61 27 74 86 40 82 65 98  4 55 87  6 79 74 60 42 85 81 71 31 66 88 21 30 61 79 86 46 85 99 59 48 83 45 50 52 43 57 93 80 67 10 44 79 34 79 55 95 44 82 79 73 
21 73 19 97  6 68 16 27 46 93 39 51 47 52 22 40 10 92 55 28 79 51 94 89 28 46  7 15 76 15 52 90 64 22 44 41 26  1 52 88 40 73 33 90 68 37 84 14 69 16 77 70  4 14 55 42 22 98 58 77 59 59 28 46 19 93 36 49  7  7 50 44 79 89 24 56 16 72 72 35 81 40 18 88 46 97 31 16 49 46 37 82 96  1 84 66 51 36 16 34 
37 66 33 12  2  1 68 99 65  2 91 76 85 20 83 30 92 25  7  9 30 96 56 20 42 37 61 78 84 42 51 18 43 20 58 59 28 78 31  4 92 57 57 52 19  2  6 74  8 79 81 34  4 82 41 16 83 95 76 62 14 57 16 95 36  4 98 38 41 40 96 84 33 26 80 99 62 91 98 96 54 56 67 30 88 38 35 75 68  1 71 65 11 61 89 44 28 55 57  8 
80 67  6  8  9 91 84 54 90 92 90 45 46 22 47 63  4 20 50 53 25 32 82 50 28 86 62 94 49 77 34  3 25 76 43 12 73 24 18 90 89 18 38 26 53  7 96 47 63 91 80 12 92 22 98 67 97 56  5 84 39 11 70 26 64 52 62 69 95 42 16 95 97 64 56 65 63 45  1 49 87 90 89  3  9 46  3 87 33 54 54 56 33 81 10 21 55 67 31 62 
90 46 37 35 39 84 55 97 98 88 70 56  5 79 49 89 44 68 61 49 49 56 94 99 45 60 84 15 18 70 51 22 36  6 12 70 20 54 80  6 84 41 89  3 64 87 77 98 62 17  7 98 40 59 94 92 50 50  7 85 86 76 36 55 47 16 43 17 52 69 55 41 89 98 82 95 37 85 12 48 14 11  6 96  5 34 73 63 62 33 35 47  8 63  1 84 16 42 45 10 
Span: 5495

Total time: 530.511 sec
SD: 20.0636
