Tabutype: Objective Value
Tabulist Size: 300
Iteration Times:1000
Solution Num:50

Solution:
Max: 2774 min: 2724 avg: 2753.3
2735 2729 2735 2752 2752 2752 2752 2752 2735 2774 2774 2724 2752 2774 2774 2752 2735 2774 2741 2752 2741 2774 2752 2735 2748 2774 2752 2741 2752 2774 2752 2774 2774 2752 2774 2740 2741 2774 2741 2774 2774 2729 2774 2735 2757 2735 2741 2752 2774 2735 

Jobs:50 Machines:5
17 14  4 23 93 10 80 88  6 13 47 46 50 30 13 21 84  4 38 99 26 68 89 81 41 30 30 69 11 72 93 46 75 88 87 24 67 20 43 50 67 78 76 70 83 58 83 86 89 18 
 8 30 50 41 58 35 46 39 45 20  4 80 49 15 25 20 65 27 92 94 10 94 29 75 49 29 82 17 95 44 59 32 26 33 37 52 14 98 12 84 62 42 45 62 95 12 65 71  2 30 
38 98 47 25 14 60 93 46 61 17 93 91 80 45 92 91 77 91 16  4 45 55 23 89 72  1 87 98 92 11  5 34 48 92  4 79 25 11 45 50 28 67 47 94 81  5 90 13 39 65 
46 15 73 60 73 62  6 97 77 18 97 54  4 87  4 70 97 66 16 96 15 28 21 77 93 81 46 20 14 25 21  7 26 24 67 75 44 70 54 33 16 89 28 32 28 64 19 13 36  7 
79 26  8 93 42 10 65 15 29 86 87 58 36  2  9 58 85 14 76 97 91 93 46 24 29 18 31 73 57 39 55 50 77  5 94 25 10 21 79 10 27 85 18 39 38 46  2 17 22 18 
Span: 2724

Total time: 68.0074 sec
SD: 16.1147
