Tabutype: Objective Value
Tabulist Size: 100
Iteration Times:1000
Solution Num:50

Solution:
Max: 2349 min: 2308 avg: 2325.94
2325 2323 2318 2330 2341 2324 2331 2323 2346 2321 2308 2336 2325 2310 2321 2327 2328 2332 2327 2330 2325 2336 2320 2327 2316 2310 2337 2318 2330 2329 2321 2313 2330 2327 2328 2328 2313 2309 2335 2319 2329 2327 2349 2336 2331 2316 2310 2329 2334 2339 

Jobs:20 Machines:20
39 48 27 78 46  1 66 93 87 68 48 81 92 84 43 50 90 34 39 65 
 2 38 66 77 83 93 84 12  1 57 97 73 52 13 65 78 56 43  9 39 
54 70 85 85 82 85 55  6 72 39 91 48 82 17 87 36 43 19 10  4 
41 21 53 45 33  4  4 43 19 53 63 99 18 29 80 85 88 98 60 31 
49 15 31 20 47 39 51 69 88 31 80  8 83 84 93  9 92 44 98 13 
57 33 26 61 68 80 22 37 74  9 81 41 28 69 36 75 64 95 96 96 
63 92 85 36 43 46 20 76 88 75 70 51 70 31 89 46 94 19  6 25 
47 98 36 65 90 28 80 75 22 46 10 82 46 83 61 73  3 73 56 59 
65 73 76 79 80 73  8 93 18  6  6 25 33 10 26 71 49 87 36 42 
 9 95 89 74 58  2  5  6 41 83 28 25 35  5  3  7 40 64 33 35 
21 79  1 79 10 64 65 93 35 37 77 55 80 84 85 49 49 18 15 46 
86 55 24 51 26 83 65 54 44 40 89 58 94 74 22  3 53  7 59 19 
89 59 55 55 81 17 11 13 41 53 92 16 23 79  2 60 88 26 15 97 
 1 94 91 25 73  3 43 55 71 89 12 16 58 24 67 12 47 17 46  1 
95 88 72 49 48 94 27 15 71 59 74 48 86 94 41 75 19 87 60 15 
51  1 32 98  1 38 34 31 72 80 19 69 57 37 66 31 61 32 47 62 
96 65 26  7 17 10 47 63 38 42 59 94 80 75  7 70 78  9 41 47 
85 38 11 65 68 62 64 38 97 37 74 62  9 16 50 20 78 26 38 39 
10 10 94 99 73 70 21 61 49 85 82  7 62 67  4 88 30 33 34 31 
84  8  3 89 75 17 83 90 19 30 57 55 65 60 74  9 41 34 22  2 
Span: 2308

Total time: 11.8392 sec
SD: 9.3839
