Tabutype: Objective Value
Tabulist Size: 100 ~ 600
Iteration Times:1000
Solution Num:50

Solution:
Max: 3201 min: 3063 avg: 3125.58
3134 3143 3131 3063 3087 3113 3116 3159 3201 3142 3129 3130 3105 3122 3089 3108 3168 3126 3100 3155 3166 3184 3126 3072 3101 3143 3095 3119 3148 3161 3126 3122 3084 3146 3093 3162 3125 3133 3136 3164 3141 3105 3126 3105 3077 3109 3135 3119 3105 3130 

Jobs:50 Machines:10
13 26 16 38 44 10  2 53 19 79 61  8 85  7 45 42 73 63 19 66 19 84 73 98 24 49 23 32 85 12 46 47 69  7 76 11 85 95 88 85 44 97 52  2 90 75 44 61 24 58 
26 22 50 42 28 93 74 37  4 51 35 69 11 55 25 56 15 63 53 64 66 81 71  4 90  2 99 25 63  7 61 40 94 96 30 85 94 16 56 93  4 73 87 10 87 59 96 36 40 67 
11 39 76 23 58 71 28  2 36 58 35 32 11 32 85  9  7 69 82 48 25 64 38 53 56 69 49 41 88 90  3 53 24 67 71 61 64 96 17  3 88 33  1 87 96 43 10 26 91 83 
39 77 18 41 50 51 37  2 47 21  6 39 87 10 57 69 54 78 31 63 62 36 12 56 51 91 29 91 59 49 51 63 43 68 67 57 21 11 75 24 22 69 24 65 31 19  4 87 92 15 
97 31 93 10 94 14  3 44 77 42 71 82  3 87 47 59 49 33 94 88 66 11  7 69 34 51 48 24 38 86 37 99 54 36  6 44 72 41 37 44 58 94 16 91 94 36 25 62 98 78 
27 73 24  2 34 44 11 25 82 68 43  1 40 99 75 27  8 91 98 74 11 91 66 60 39 28 62 15 43 52 79 83 35 33 90  6 76 78 30 36 99 37 93 44  3 62 76 62 60 16 
71 46  5 54 23 67 11 97 29 38 23 95 61 95 38 92 57 52 67 66  4 77 48 49 19 67  6 87 94 82 83  8 37  8 57 85 97  7 27 85  7 86 87  3 65 78 76 22 72 46 
42  3 94 80 80 55 28 92 14 99 61 47 86 75 25 41 98 47 95 47 26 11 69  8 82 74 30 59 90 55 22 55 24 89 57 72 33 26 66 74 39 98 29 98  5 68 36 38 47 41 
22 43 87 53 37 41 93 16 65 75 81 41 59 15 94 94 40 93 33  2  2 88 51 79 58 39 32 54 66 12 27 14 81 22 34 36 56 91 78 27 62 18 92 23 77 20  5 30 30  1 
82 57 10 34 24 46 49 62 91 39 81 93 38 12 66 81  2 40 94 93 34 54 23 23 23 22 84 39 26 59 24 97 87 62 81 11 68 64 11 51 90 41 47 32 27 50 22 21 11 10 
Span: 3063

Total time: 118.851 sec
SD: 28.7885
