Tabutype: Objective Value
Tabulist Size: 2000
Iteration Times:1000
Solution Num:50

Solution:
Max: 6653 min: 6478 avg: 6561.06
6587 6540 6616 6569 6534 6571 6587 6620 6576 6564 6532 6541 6523 6643 6552 6553 6583 6522 6549 6555 6553 6528 6538 6535 6533 6577 6592 6510 6631 6544 6611 6589 6517 6528 6563 6531 6557 6478 6593 6653 6579 6554 6561 6514 6573 6544 6595 6543 6572 6540 

Jobs:100 Machines:20
 5 23 12 10 29  1 70 33 77 38 12 14 61 54 86 21 42 33 44 23 11 87 47 88 63 22 43 66  8 93 22 80 59 72 47 71 16  8 86 16 59 24 68 16 58 17 42 76 40 55 62  8 98 87 41  4 76  9 57 86 96 56 63 99 95  3 82 34 72 69 84 66 87 75 96 79 26 40 82 68 47 64 75 38 69 94 52 53 53 31 74 60 25 89 49 67 90 63 71  1 
 9  8 27  8 53  3 25 46 18 36 13 95 28  2 42 21 46 88 28 16 54 84 52 26 26 36 78 32 86 98  7 42 71 77 52 42 45 82 44 16 53 28 73 86  8 48 70 81 83  3 22 74 99 98 60 80 43 39 12 62 43 95 58  4 79 51 85 51 97 15 59 93 59 38 90 92 52  4 80 71 62 86 30 33 50 56 43 97 45 71 61 95 75 30 48  6 50 50 41 86 
59  7 24 41 68 68  8 66  7 59 20 45 70 89 56 20 13 10 94 70 82 24 91 23 88 76 43 22 41 60 47 64 88 25 95 10  5 78 11 58 40 92 17 55 16 53 89 42 82 89 48 89 38 25 96 77 87 46 94 12 26 37 42 32 14 82 18 72 57  2 99 10 20 87 67 87 63 16 72  3 99 42 69 40 72 74 24 84 23 46 55 65 71 67 72 23 65 63 56 34 
44 49 42 11 44 74  3 23 92 43 51 29 66  7  6 97 40 18 33 83 76 63 55 43 30 32 13 85 76 15 73 35 47  9 44  8 98 11 24 75 47  6 48 52 32 13 98 40 61 20 11  2 86 59 61  2 32 14 23  3 70 39  8 27 32 84 56 13 16 92 95 16  7 96 28 72 16 83 16 59 53 45 73 61 31 40 55 22 92 56 92 53 15 18 13 56 58 69  6 73 
54 70  5 23 47 63  3 90 25 74 37 55 78 54 14 17 33 38 64 11  1 94 46 54 17 47 41 28 94 42 60 79 48 88 30 20 63 53 35 47 90 88  7 97 94 27 76 45 68 22  7 15 94 70  3 29 47 85 59 49 17 22 10 38 25 73 43 95 42 39 85  4 60 93  1 97 24 21 15 98 68 94 44 27 94 67 65 21 73 43  4 74 14 91 72 60 59 16 18 60 
14 20 27 39 38 55 39 88 32  6 38 83 65 41 10 39 35 54 86 88 65 26 45 36 24 21 99 96  2 86 84  8 81 70 16 77 13 30 60 66 98 19 86 11 41 35 12 31 57  3 21 43  2 38 16 77 47 43 59 57 15  9  1  6 86 76 78 21 69 76 66 41 14 82 73 71 54  3 93 51 21  9 80 75  3 80 32 14 64  2 78 52 60 92 97 52 64  2  7 32 
47 30 51 19 22 11 85 94 33 59 74  8 38 29 45  1 54 83 41  8 99 20 38  1 74 84 79 21 67 51 54 51 16  5 52  2 64 75 61 15 56 97 35 48 43 15 71 65 48  2 88  3  7 77 60  3 52 15 88 50 56 26 39 86 20 15 96 46  9 11 74 73 48 50  5 59 58 41 67  8 81 14 96  9 71 42 83 50 31 79 88 37 23 49 69 59 78 48 11 32 
76  5 48 89 73 26 66  2 65 37 66 77 12  5 25  7 45 99 93 92 10  7 19 87 74 72 83 18 51 23 59 26 19 82 45 18 79 31 76 95 36 32 64 92 23 51 61 39 34 96 20 31 82 70 14 73 40 42 81 49 35 21 97 61 54 80 13 97 44 30  2 92 99 11 92 24 29 88 58 60 47 90 65 35 30 83 82 38 44 19 91 10 92 35 79 91 53 57 22 25 
47 77 42 64 31 67 26 76 18 53 32 74 82 17 48 27 28 78 52 39 27 51 69 76 92 55 39  2 51 88 43 82 12 79 18 69 94 23 35 18 61  4 29 74 64 30 62 18 20 92 57 20 19 43 80 83 36  7  7 50 88 26  8 25 95 12 86 96 18 23 95 80 31 29 10 37 90 85 14 91 95 18 85 80 64  2 30 91 60 76  7 50 12 90 91 55 70 70 36 54 
 5 99 31 65 78 84 57 79 52 57 21 32 34 15 69 53 26  2 39 60  8 18 29 36 79 37 56 74 25 87 92 22 41  5 58 75 53 22 82 23 39 76 95 97 75 16 58 79 11 79  6 70  1 93 33 89 20 60  3 86 78 78 86  8 82  7 60 61 49 71 99 33 72 55 16 89 17 65 80 48 81 80 47 38 43 90 62 69 38 40 11 71 54 84 65 57 47 77  7 93 
75 87 48 11 43 86 49 21 43 46 49 80 51 16 87 43 15  4  3 92 30 52 79 70 73  7 78 36 51 28 18 27 21 54 12 56  5 62 51 35 69 41 90 71 75 10 73 29 15  7 84 34 63 24 86 87 48 40 28 33 12 30 33 34 30  9 44 99 92 94 28 98  7 97 42  2 23 82 34 78 66 22  8 91 85 25 69 48 40 64  6 57 26 69 72 36 27 30 66 71 
32 77 51 49 28 82  4 68 42 63 74 19 99 24 36 78 48 72 97 56 76 56 39  2 49 86 72  3 56 34 30 94 32 81 46 72  3 88 53 63 22 64  5 83 10 90 16 95 71 92 44 59 70 85 21 56 15 95  1 30 49 20 85 98 21 62 11 66 84 57 31 72 19 95  4 43 26 37 92 52 55 34 29 79 27 93  1 18 54 23 12 88 52 46 59  6 79  6 24 46 
57 97  8 46 33 58 56 25 82 23 25 60 38 69 76 91 72 43 68 97 15 39 16 93 73  8 81 17 46 24 51 94 72 62 56 73 86 37 54  4 30 99 90 93 81 54 97 37 29 75 52 72 57 53 14  8 82 67 33  3 40 87 55 22 13 76 68 75 37 66 34 48 87 31 26 88 82  2 77 81  5 25 60 32 97 15 81 46 10 30 97 79 42 97  4  4 80 46 75 86 
33 60  1 93 92 31 42 89 74 48 98 89 75 64 14 81 13 12 97 99 21 59 63 78 11 46 92 98  6 25 21 41 27 75 51 75 80 96 54 57 23 48  6 79 76 74 58 30 49 35 41 10 54 30 32 79 98  7  8 67 15 65 89 75  9 51 63 68 77 59 67  7  1 84 59 71 32 59  2 61  8 73  7 59  2 73 32 81  8 38 38 71 67 38 29  8 96 22 14  3 
68 47  1  8 53 12 35 11 96  3 39 49 48 66 57 12 53 26 96 73 71 46 70 22 30 10  5 13 46 90 69 43 45 88 65 33 33 56 19 22 41  8 83 55  4 49 81  8 59 25 58 24 39 57 56 12 54  8 20 86 13 89 89 35 57 82 59 38 59 76 51 71 12 65 33 64  2 96 18 30 83  7 52 31 94  5 62 56 69 98 36 34 40 21 95 12 28 64 46 58 
20 93 28 22 96 84 19 99 75 30 94 45 97  5 77 18 34 22 66 87  9 87 30 27 20 79 69 55 42 62 71 78 56 41 81  6 82 35 30 99 23 64 98 98 18 14 78 15 44 44 69 58 46 52 67 80 84 21 41 67 60 54 50 85 79  6 46 51 81 53 26 10 70 31 69 17 43 65 88  9 97 51 29 54 15 29 80 90 51 14 18 54 10 63  4 81 59 45  6 51 
43 82  4 96  5 38 41 69 35 89 43 91 46 79 16 78 37 74 10 48 49 48 59 33  1 80 24 48 55 81 66 75 14 44  7 20 80 40 61 37 67 89 93 10 37 86 29  9 35 79 82 41 55 55 87 92 53 10 10 89 83 15  2 10  3 31 88 28 40 27  2 84 55 40 69 13 44 27 70 99  3 41 33 61 14 81 42  5 35 15 75  8 24 23 88 38 48 13 81 49 
 7 81 44 63 18 93 87 51 83 15 29 78 47  3 42 53 39 61 68 81 45 36 57 73 81 77 87 70 76 69 73 33 56 73  9 25 14 38 46 51 85 64 58 84 84 22 63 79 28 89  4 32 65 70 81 36 44 38 82 84  6 67 15 40 81 38 66 99  6 18 69 11 60 36 84 94 82 29 58 88 12  3 84 27 27 64 58 16 69  8 68 10 24 73 57  1 14 62 17 61 
32 51  6 37 84 78 10 34 41 91 25  8 51 83 97  6 56  1 63 66 97 49 77 51  7 39 68 25 66 15 45 40 44 50 62 23 56 30 30 72 24 89 30  5 78 83 36 39 46 82 92 30 86 10 24 71 71 10 27 46  9 89 73 82  3  5 82 45 49 98 70 54 61 44  9 59 49 82 17 12 68  9 69 14 77 37 36 12 51 70 13 20 42 25  6 34 99  2 59  2 
49 58 57 32 88 61 94 60 45 53  3 28 81 74 78 12 80 37 58 89 36 97 64 78 79 25 77 96 47 74 90 93 52 50 46 34 45 24 55 43 37 99 43 97 78 49 54 73 57  4 41 63 51 70 39 85 92 93 64 15 70 13 71 25 38 69 18 59 88 50 21 28 69 93 81 23 34 30 13  4 75 50 33 34  3 45 12 49 71  2 77 64 20 31 41 22  2 37  3  3 
Span: 6478

Total time: 1507.03 sec
SD: 35.5645
