Tabutype: Objective Value
Tabulist Size: 20 ~ 100
Iteration Times:1000
Solution Num:50

Solution:
Max: 1613 min: 1586 avg: 1599.18
1589 1609 1604 1586 1604 1598 1599 1608 1596 1590 1586 1608 1597 1602 1587 1597 1607 1590 1599 1595 1599 1602 1607 1605 1608 1597 1603 1604 1595 1589 1598 1598 1591 1604 1599 1608 1591 1592 1607 1607 1603 1599 1613 1591 1611 1586 1605 1597 1596 1603 

Jobs:20 Machines:10
22 21 31 58 37 21 44 66 61 94  4 28 99 83 83 94 97 58 74  6 
15 34 54 27 88  3 41 42 98 43 61 76 49 87 72 76 70 64 28 79 
34  7 46 56  7 52 87 26 60 36 13 32 36 98 48 23  7 32 89 85 
10 76 79 26 24 88 48 77 26 78 58 98 85 47 55 19 95 29 60 90 
39 70 16 12  5 66 11 30 41 58 57 82 58 84 31 23 68 99 54  5 
74 57 51 54 79 11 19 40 36 86 97 53 24 77  3 53 54 65 92 56 
91 27 49 88 37  8 96 60 82 13 72 22 84  2 67 93 43 50  9 11 
28 95  6 25 38 18 61 75 90  5 28 51  4 18 80 69 57 84  4  4 
48 56 76 91 18 15 83 74 99 64 49 10 96 70 86 58 84 62 25 14 
 4 95 76  8 98 84 66 67 26 91 30 79 71 91 62 42 70  9 15  3 
Span: 1586

Total time: 6.4262 sec
SD: 7.25537
