Tabutype: Objective Value
Tabulist Size: 1000
Iteration Times:1000
Solution Num:50

Solution:
Max: 6666 min: 6454 avg: 6556.74
6573 6601 6540 6543 6629 6556 6528 6522 6628 6612 6606 6590 6504 6511 6559 6555 6604 6533 6587 6617 6535 6466 6500 6513 6600 6666 6571 6617 6490 6532 6467 6505 6530 6536 6535 6649 6610 6557 6557 6523 6454 6565 6599 6597 6535 6503 6599 6531 6562 6535 

Jobs:100 Machines:20
10 23 12 23 24 22 16 22 69 14 26 12 29 75 87 53 17 42 75 89 41  8 86 47 56 96 72 43 54  1 34 62 25 33 66 93 87 77 55  5 76 68 70 33  8 71 16 76 42 60 40 57 82 61  3 87  4 63 11 72 58 21 49 16 47 95 44 79 80 74 47 71 98 99  8 52 94 86 59 38 59 63 40 66 64 84 96 69 38 86 53 63 68 90  9 67 88 82 31  1 
 8  8 13 16 28  7 86 36 15 95 52 27 53 30 59 45 48 46 38 30 60 74 44 52 95 43 77 78  2  3 51 22 75 88 32 98 84 18  3  9 43 73 25 46 86 41 16 81 70 95  4 12 85 28 51 98 80 50 54 97  8 21 48 45 52 79 28 92 42 61 62 42 99  4 82 43 56 42 53 36 71 26 83 93 86 59 90 50 33 62 97 58 71 50 39  6 26 80 71 86 
41  7 20 70 92 47 55 76  2 45 63 24 68 69 20 23 53 13 87 67 96 89 11 91 37 26 25 43 89 68 72 48 71 10 22 60 24  7 89 59 87 17  8 66 41 56 58 42 89 65 16 94 18 70 82 25 77 63 82 57 16 20 72  5 95 14 94 87 64 55 99 10 38 32 78 24 74 56 40 59 88 88 82 10 42 99 67 72 40 12 84 42  3 65 46 23 23 72 46 34 
11 49 51 83  6 73 52 32 92 29 16 42 44 73  7 92 13 40 96 18 61  2 24 55 39 70  9 13  7 74 13 11 15 18 85 15 63 92 20 44 32 48  3 23 76  6 75 40 98 53 83 23 56 66 84 59  2 69 76 16 32 97 13 98 44 32 33 72 35 92 53  8 86 27 11 55 40  6 47 43 47 30 61 16 45 95 28 31 61  3 22  8 59 58 14 56 43 16 56 73 
23 70 37 11 88 60 97 47 39 55 24  5 47 44 60 73 27 33 93 91  3 15 35 46 22 17 88 41 54 63 95  7 14 38 28 42 94 25 22 54 47  7  3 90 94 18 47 45 76 74 21 59 43 78 73 70 29 16  1 42 94 17 72 63 30 25 64 97 79  4 68 20 94 38 53 65 67 14 90 74 48 17 68  4 94 85  1 94 27 49 21 10 98 59 85 60 54 15 43 60 
39 20 38 88 19 84 11 21 76 83 54 27 38 80 14 64 35 35 82 92 16 43 60 45  9 15 70 99 41 55 21 21 60 54 96 86 26 32  3 14 47 86 39 88  2  7 66 31 12 52  3 59 78 65 76 38 77  2 65 69 41 39 97 13 16 86 86 71  8 78 21 77  2  6 30 32 80 10 98  6 81 24 57 41  9 66 73  3 75 57 14  1 51 64 43 52 36 93  2 32 
19 30 74  8 97 54 48 84 11  8 58 51 22 96 48 31 15 54 50 49 60  3 61 38 26 56  5 79 29 11 46 88 23 83 21 51 20 33  2 47 52 35 85 94 67 11 15 65 71 37 41 88 96 38 15 77  3 48 99  9 43  1 69 64 52 20 41 59 51 88 81  2  7 86 75 83 42 45 56 59 16 74 48 73 14 74  5 71  9 50 50 39  8 78 15 59  1 67 79 32 
89  5 66 92 32 59 92 72 30 77 29 48 73 65 99 44 51 45 11 35 14 31 76 19 21 35 82 83  5 26 97 20 92 99 18 23  7 65 96 76 40 64 66  2 51 22 95 39 61 10 88 81 13 12 80 70 73 57 10 44 23  7 79 79 45 54 93 24 26 91 47 18 82 61 31 82 83 25 36 37 19 74 34 92 90  2 92 30 35 49 38 97 60 53 42 91 87 58 19 25 
64 77 32 39  4 43 74 55 23 74 90 42 31 85 31 60 30 28 29 90 80 20 35 69 26 88 79 39 17 67 96 57 12 78  2 88 51 18 92 47 36 29 26 76 51 36 18 18 62 50 85  7 86 82 12 43 83 70 27 18 64 27 91 94 18 95 52 37 82  7 95 69 19 25 23 30  2 48 61 53 12 92 20 80 18 95 10 64 80 50 91  8 91 70  7 55 76 14 76 54 
65 99 21 60 76 92 97 37 71 32 17 31 78 47 72 38 16 26 55 84 33 70 82 29 78 78  5 56 15 84 61  6 54  2 74 87 18 52 79  5 20 95 57 79 25  7 23 79 58 71 65  3 60 34  7 93 89 77  8 49 75 53 65 53 58 82 39 89 22 11 81 75  1  8 22 62 90 69 39 57 41 79 11 33 80 99 16 43 38 86 69 86 48 47 60 57 36 80 40 93 
11 87 49 92 41 18 71  7 94 80 23 48 43  8  7 40 10 15 97 69 86 34 51 79 30 12 54 78 16 86 99 84 26  4 36 28 52 43  7 75 48 90 49 21 51 66 35 29 73 57 82 28 44 51  9 24 87 30 30 92 75 43 72  5 12 30  3  2 27  6 66 56 63 34 62 69 25 87 69 46 21 73 15 98 22 28 42 85 91 33 48 33 78 27 40 36 70 34 64 71 
49 77 74 56 64 30 83 86 57 19 26 51 28 29 19 54 90 48 95 46 21 59 53 39 20 49 81 72 24 82 66 44 52 72  3 34 56 42 92 32 15  5  4 68 56 24 63 95 16 88 37  1 11 99 62 85 56  6 76 84 10 78 59  3 46 21 97 43 94 12 55 72 70 98 88  1 93 36 22 63 32 49 71 72 34 31  4 27 79 30 18 85 52 79 95  6  2 92 23 46 
46 97 25 97 99 51 93  8 66 60 82  8 33 60 87 10 54 72 31 97 14 72 54 16 87 40 62 81 69 58 75 52 42 43 17 24 39 82 75 57 82 90 56 25 46 75  4 37 97 79  2 33 68 38 76 53  8 46 15 37 81 91  4 86 56 13 68 88 94 97  5 73 57 22 37 81 15 76 30 23 72 73 29 48 25 34 26 97 32  3 46 55 81 80 67  4 93 77 30 86 
93 60 98 99 48 21 79 46 59 89 32  1 92  7  1  8 74 13 84 38 32 10 54 63 65 15 75 92 64 31 68 41 67 12 98 25 59 74 35 33 98  6 42 89  6 14 57 30 58 71 59  8 63 75 51 30 79 22 21 77 76 81 29 80 51  9 97 71 41 38  8 75 54 75 96 32 73 14 23 48 27 11 49  7 73 67 59  2 59 67 81 89 61 96  7  8 78  2 38  3 
 8 47 39 73  8 69 55 10 76 49  2  1 53 52 12 69 49 53 65 21 56 24 19 70 89 13 88  5 66 12 38 58 40 26 13 90 46 96 25 68 54 83 35 11 46 46 22  8 81 34 96 20 59 48 82 57 12 64 71 59  4 12 95 33 65 57 96 64 43 36 83 33 39 35 56 62  5 57 41  3 45 30 59 71  7 51 33 94 31 86 56 89 30 28  8 12 22 18 98 58 
22 93 94 87 64 71 98 79 53 45 43 28 96 29 70 51 14 34 31 63 67 58 30 30 54 60 41 69  5 84 51 69 10 22 55 62 87 75 44 20 84 98 19 99 42  6 99 15 78 54 65 41 46 97  6 52 80 45  9 81 18 18  4 82 81 79 66 17 78 18 97  6 46 85 35 80 29 77 23 30 56 20 44 10 51 26 69 15 54 67 90 50  9 59 21 81 27 88 14 51 
96 82 43 48 89 66 10 80 27 91 44  4  5 33 55 35 86 37 40 23 87 41 61 59 15 83 44 24 79 38 28 82 24 74 48 81 48 35 79 43 53 93 41 69 55 81 37  9 29  8 27 10 88 46 31 55 92 13 49 40 37 78 88 80  7  3 10 13 75 75  3 20 55 10 40 42 81 16 67 89 14  1 35 84 41  2 69 14 61 89  5  2 99 48 10 38 33 70 15 49 
63 81 29 81 64 73 84 77 18 78 82 44 18 84 60 69 22 39 36 73 81 32 46 57 67  6 73 87  3 93 99  4 24 61 70 69 36 83 89  7 44 58 87 51 76 17 51 79 63 10 29 82 66 47 38 70 36 62 45  6 84 53 57 14  9 81 68 94 33 68 12 25 65 40 38 58 64 42 85 15 56 81 28 11  3 69 84 27 27 84 16 15 88 14 38  1 73 58  8 61 
37 51 25 66 89 45  5 39 98  8 49  6 84 69 61 51 83 56 44 25 24 30 30 77 89  9 50 68 83 78 45 92 42  1 25 15 49 41 82 32 71 30 10 34 66 59 72 39 36 20 82 27 82 51  5 10 71  2 97 49 78  6  6 56 62  3 63 59 40 13 68 23 86 82 30 36 37 97 24 91 44  7 46 54  9 70  9 77 14 46 12 73 12 99 10 34 51 17 70  2 
32 58  3 89 99 90 97 25 50 28 34 57 88 33 69 71 49 80 93 31 39 63 55 64 13 70 50 77 74 61 59 41 20 37 96 74 97 45  4 49 92 43 94 60 47  3 43 73 54 64 30 64 18 81 69 70 85 37 36 88 78 12 41 45 46 38 58 23 93 77 75 34 51 25 24 12 45 78 37 53 52 79 57 28 50 21 81  3 34 15 49 71  4  2 93 22 78 13  2  3 
Span: 6454

Total time: 1503.11 sec
SD: 48.5634
