Tabutype: Objective Value
Tabulist Size: 500 ~ 2000
Iteration Times:1000
Solution Num:50

Solution:
Max: 5577 min: 5505 avg: 5540.44
5505 5527 5527 5527 5527 5527 5565 5527 5527 5527 5565 5565 5527 5527 5527 5527 5527 5527 5529 5565 5564 5565 5527 5565 5527 5527 5527 5527 5567 5527 5527 5565 5527 5565 5564 5527 5527 5577 5564 5565 5564 5527 5565 5527 5527 5527 5564 5527 5564 5527 

Jobs:100 Machines:5
47 12 29 66  7 84 42 42 59 42 34 28 38  7 79 79 89  6  8 87 52 33 60  4 21 73 25 84 66 79 54 64  4 82 10 98 69 19 11 40 48 55 81 88 79 13 91 54 49  1 80 55 31 74 43  4 26 39 98 79 30 52 67 65 27 27 85 46 50 75 68 74 26 44 67  8 61 82  6 71 21 97 45 61 86 61 86 44 85 69 59 55 57 95 62 99 83 97 93 74 
28 16 90 52  6 79 46 68 33 40 96 21 55  1 89  1  7 10 93 58 88 88 28 40 50 34 92 46  7 82 15 44 22 14 46 41 52 26 46  4 35 84 93  7 16 94 51 28 14 84 16 51 49 59 46 27 64 19 42 59 44 97 73 55 16 52 16 56 18 68 89 77 73 37 49 90 79 36 77 36 76 37 40 22 24 69 70 51 19 39 72 98 97 66 15 72 81 47 31 22 
 9 68 18 20  2 30 95 19 57 30 11 37  7 78 26 61 61 92  2 76 30  4 16 92 96  8 25 37 41 65 42 58 83 82  1 59 31 28 65  4 96 89  4 40 57 56 76 42 74  6 75 96 38 57 88 99 43 33 16 14 84 12 57 41 79 51 62 99 67  1 20 81 66 71 68 52 33 55 62 98 84  2 56 83 80  8 34 28 36 91 98 95 38 44 78 91 54 85 35 20 
53 84  3 22  9 25 26 53 38 63 33 80 50 24 64 81 62  4 92  5  3 90 70 89 16 62 20 86 95 56 77 43 97 22 54 12 18 73 90 92 49 10 52 42 31 82 45 28 47 96 87 32 69 11  9 54 25  6 67 39 95  8 18 98 91 34 63 65 89 91 50 80 67 54 33 26 97 67 84 62 49  7 90 47 56 63 12 55 64 90  1 56 46 21 94 45 87 46  3 76 
49 55 22 79 39 49 55 64 89 89  8 90 61 54 98 63 84 44 88  7 96  6 36 84 55 10 68 60 52 47 70 12 50 59 33 70 80 20 98 40 48  1 16 69 45 94 56 45 98 77 63 56 17 76  5 97 36 37 92 86 41 35 41 94 17 51 37 95  6 84 99  7 46 35 62  3 89 42 85 43 18 87 11 49 82 62 98 16 47 70 12 50 34 84 15 85 14  5 73  6 
Span: 5505

Total time: 531.196 sec
SD: 19.2779
