Tabutype: Objective Value
Tabulist Size: 100 ~ 600
Iteration Times:1000
Solution Num:50

Solution:
Max: 4080 min: 3975 avg: 4020.14
3986 4024 4007 4055 4025 3978 4050 3984 4002 4059 4029 4040 4042 3997 4015 4039 3982 4031 4030 4007 4037 3985 3990 4018 4006 4075 3975 4022 4000 4018 4023 4023 3988 4065 4039 4035 4048 4027 3975 4034 4068 3987 4054 4017 4013 3990 4028 4008 3997 4080 

Jobs:50 Machines:20
 2  2 62 12 44 14 53 21  4 33 89 71 55 57 28 52 89 41 68  8 84 34 97 95  4 40 46 60 83 95 28 20 73 95 91 44  4 98 37 86 80 53 59 51 96 75 98 85 37 42 
 4 14 18 60 24 18 31 91 17 78 71 58  6 21 24 63 10 97 52 75 80 82 49 17 90 68 99 47 50 99 55  7 33 93  5 53 75 41 74 93 46 15 82 57 91 70 33 98 42 69 
13 66 37 81 34 24 95 48 80  2 62 11 76 23 35 82 40 78 65 90 87 24  6 65 19 53 74  9 20 21 16 59  5 67 24 46 93 82 66 63 12 32 73 67 35 95 85 30 48 79 
71 66 21 29 68 76  8 86 86 47  5 41 62 31 71 16 36 61 95 56 37 17 56 67 47 26 21 55 69 26 28 49 36 72  3 76 53 81 53 66 27 96 36 26 59 66 52 76 93 46 
92 70 38 20 83 79 25 66 27 10 44 10 97 59 39 63 78 29 85 67 30  7 72 58 38 33 26  8 14 55 74  8 75 76 78 21 23 42 61 24 86 84 75 84 56 35 60 20  9 59 
55 53 54 85 65 55 15 27 19 91 10 81 67 66 28 94 76 41 77 30 18 55 92 96 12 76 15 76 93 34 88  6 23 96 24 47 60 41 18 17 77 65 10 14  8 62 39 85 56 89 
32 62 98 14 75 25 78 47  7 38 28 97 89 45 32 79 37 29 60  1 26 43 89 21 68 74 37 12 89 21 12 64  9 24 17  8 22 87 56 34 19 14 84 90 33 32 14 99 57 93 
84 31 83 39 56 21  5 24  2 93 58 96 27 57 67 22 78 77 29 89 50 33 86 71 36 22 68 88 53  6 46 30 62 50 70 48 45 83 82 38 52 49 98 49 78 55 85 44 65 24 
71 21 93 69  3 25  4 82 76 59 80 70 19 78 33 80 82 77 14 85 72 65 33 67 43 46 57 10 49 13 59 30  2 93 68 17 76 85 21 35 59 77 46 83 86 77 72 70 75 64 
93 98 32 30 14 64 55 91 30 45  9 43 34 84 10 96 98 48 25 31 70 39 95 11 32 73 22 79  7  3 14  4 22 58 31 66 95 87 11 96  5 77 88 60 81 57 77  1 10 50 
48 36 65 62 43 79 72 30 35 93 26 92 55 93 45 53 34 14 57 77 42 75 48  9 72 17 98 13 25 19 98 95 74 29 39 88 46 88  3 39 90 80 77 79 67 62 30 94 93 99 
66 97 36 64 44 97 20 51 85 73 25 63 67 98 48 54 96 31 75  3 15 69 61 27 61 56 46 36 27 67 82 92 26 24 65 38 44 29 81 51 90 81 38 21 18 77 31 96 72 25 
98 44 69 81 84  2 49 13 57 55  3 19 63 88 32 71 35 14  4 35 78 13  1 14 22 48 59 65 95 90 30 16 78 26 76 22 81 87 53 98 68 26 27 43 96 82 25 76 94 59 
82 61 97 71 39 46 56 24 52 42 50 75 73 34 38 27 10 17 30 43 51  4 76 16 96 65 95 59 69 93 17 90 14 85 52 65 63 37 39 91 66 56  8 88 19 63 74 88 51 49 
96 29 66 42 89 16 80 11 76 19 90 47 14 54  3 95  2 10 83 12 84 17 90 79 51 82 38 22 53 53 97 83 44 29 25 84 30 87 91 23 65 11 56 95 69 22 83 34 53 54 
40 88 49 11 85 22 19 31  6 52 51 11 65 43 30  3 85 68 19 23 48 64 77 37 82 52  6 59 35 80 58 32 37 59 66 53  3 96 75 22 11 23 21  9 80 32 44 64 63 78 
31 83 45 50 71  6 42 36  8 68 64 52 36 66  2 92 98 21 81 88 23 51 42  3 55 49 64 94 63 62 58 92 23 97 52 87 13 56 17 13 64 82 94 46 30 83 18 50 21 11 
77 28 66 96 68 60 66 87 40 13 82 98 45 44 73 80 47 76 27 51 19 75 74 98 79 13 88 31 92 38 72 33 83 71 61 85 48 12  4 49 66 98 77  9 90 34 78 16 23 55 
59 34 41 85 14  3 77  4 32 27 95 93 95 92 48 61 67 95 42 65 46 16 66 72 53  2 74 30 37 86 59 63 42 59 78 14 39  8 95  6 42 58 32 92 12 42  7 34 21 16 
22 41 54 55 56 47 57 61 99 62 70 87 64 39 43 74 97 51 57 76  9 91  1  6 19 91 84 40 50 38 62 60 37 97 13 62 35 90 33 89 10 62 48 14 53 31 69 12 16  4 
Span: 3975

Total time: 200.269 sec
SD: 27.3794
