Tabutype: Objective Value
Tabulist Size: 600
Iteration Times:1000
Solution Num:50

Solution:
Max: 2774 min: 2729 avg: 2749.1
2774 2735 2752 2752 2735 2752 2752 2774 2752 2752 2729 2752 2752 2752 2741 2752 2735 2774 2774 2735 2752 2731 2741 2752 2752 2774 2752 2752 2729 2735 2774 2774 2752 2730 2729 2729 2735 2752 2729 2752 2732 2731 2774 2752 2731 2752 2774 2752 2774 2731 

Jobs:50 Machines:5
 4 17 13 47 89 18 10 21 23 50 83 30 67 81 76 50 68 30 69 46 20 87  4 58 11 14 26 75 88 84  6 30 38 43 72 24 80 99 70 83 86 93 78 46 89 41 88 93 67 13 
27  8 20  4  2 30 35 20 41 49 65 15 62 75 45 84 94 29 17 32 98 37 50 12 95 30 10 26 39 65 45 82 92 12 44 52 46 94 62 95 71 58 42 80 29 49 33 59 14 25 
91 38 17 93 39 65 60 91 25 80 90 45 28 89 47 50 55  1 98 34 11  4 47  5 92 98 45 48 46 77 61 87 16 45 11 79 93  4 94 81 13 14 67 91 23 72 92  5 25 92 
66 46 18 97 36  7 62 70 60  4 19 87 16 77 28 33 28 81 20  7 70 67 73 64 14 15 15 26 97 97 77 46 16 54 25 75  6 96 32 28 13 73 89 54 21 93 24 21 44  4 
14 79 86 87 22 18 10 58 93 36  2  2 27 24 18 10 93 18 73 50 21 94  8 46 57 26 91 77 15 85 29 31 76 79 39 25 65 97 39 38 17 42 85 58 46 29  5 55 10  9 
Span: 2729

Total time: 82.049 sec
SD: 15.4448
