Tabutype: Objective Value
Tabulist Size: 500
Iteration Times:1000
Solution Num:50

Solution:
Max: 5949 min: 5802 avg: 5879.38
5931 5901 5802 5864 5886 5895 5889 5888 5864 5863 5872 5837 5943 5870 5863 5898 5882 5839 5831 5867 5867 5874 5885 5924 5879 5879 5842 5917 5949 5842 5859 5897 5912 5831 5890 5863 5892 5903 5895 5889 5851 5887 5860 5925 5937 5850 5892 5909 5836 5848 

Jobs:100 Machines:10
 7 33 31  4  5 15 44 82 83  2 20 63 68 18  4 71  6 71 60  2 12 53 60 52 57 10 44 75 91 33 57 52 28 73 93 51  8 59 99 46 58 84 85 41 49 24 95 74 24 17 91 37 91 95  4 37 33 99 14 69 80 17 62 55 21 50 40 28 95 41 75 18 46 89 75 53 42 78 55  4 97 89 90 93 34 47 42 98 68 82 97 96 98 53 80 70 21 98 86 14 
49  2  8 19  3 96 46 17 20 66 59 16 65 21 80  5 62 11 29 13 81 95  9 95 23 36 34 95 59 52 26 82 16  5 66 67 90 73 26 74 41 87 30 78 56 68 21 53 71 67 86 66 24 65 71 48 36 21 66 46 12 86 37 76 31 69 53 35 67 81 56 76 27 62 53 76 79 47 28 93  6 40 47 72 24 55 93 82 26 36 61 35 76 32 37 66 48 85 63 24 
 6 10 15 38 24 65 21 55 14 70  8 94 85 54 27 10 67 10 85 92 20 25  8 77 59 76 83 35  8 39 14 63 74 75 17 84 67 75 34 26 81 30 20 29 92 65 55 18 28 96 27 61 78 58 55  9 23 15 53 89 86 19 38 97 66 93 33 39 76 41 30 55 77 44 60 47 59 91 88 23 72 78 12 96  7 76 56 42 76 10 41 56 85 84 18 62 66 60 24 79 
30 38  5 68 70 49  8 33 89 62 64 22 60 83  7 58 27 97 39 32 14 78 12 29 45 78 75 32 78 85 49 79 12  9 38 90  1 84  6 37 96 26 99 29 86 56 21 82 67 71 24 56 17 21 84 57 62 68 31 24 19  2 98 89 57 53 74 32 24 83 89 21 52 28 45 48 93 93 46 22 89 37 36 50 43 88 65 87 22 98 77 33 44 14 50 55 47 14 34 25 
 4 59 55 43 31 77 17 39 49 21 30 96 14 32 76  9 34 70 30 71 69  4 10 25 78 98  3 77 81 77 60 80 59  2 96 83 85 46  3 57 43 72 70 77 95 14 13 11 10 11 91 21 68 67 93 75 22 22 98 50 59 30 93 19 84  7 46 33 93 87 31 64  5 80 95 66 64 45 14 76 33 82 32 58 65 79 10 85 73 88 48 86  1 77 70 57 82 72 35 25 
92 93 20 72 65 81 88 69 25 36 95 54 57 36 35 25 67 92 64 48 62 72 13 75 93 96 43 62 18 31 21 53 98 74 51 79 77 77 67 98 63 42 94 14 61 44 19 81 48 27 51  3 39  9 66 93 26 46 97 25 90 85 65 55 98 27 17 45 29 29  3 97 90 26 44 38 99 73 82 46 48 34 61 24 75 36 72 88 56 38 31 67 96 80 15 77 30 30 39 79 
90 55 56 22 52 56 22  4 95 44 16 27  4 97 57 50 73 19 71 98 81 49 65 30 88 10 84 82 19 74 88 71 30 78 91 43 35 27 93 59 75 78 76 14 76 39 90 39 38 16 24 53 76 14 82 94 14 95 61 49 68 52 69 63 34 69 48 32 26 37 43 46 66  3 63 65 59 42 17 81  1 35 96 85 13 59 51 87 65  8 17 96 88 26 51 63 13 25 98  2 
32 19 19 51 66 23 84 64 53 29 83  3 83 49 76 51 65 47 11 96 42 80 22 19 54 85 89 22 80 44  9 95 97 44 22 95 12 56 80 38 11 84 34 10 77 85 53 75 30 37 31 91 25 79 40 53 37  6 88 78 65  6 66 14 43 35 82  3 29 96 23 22 11 90  3 53 54 52 58 30 90  2 82 59 17 59 63 87 52 21 68 69 64 11 48 32 11 83 23 16 
33 68 66 55 61 98 87 75 63 83 92 80 81 66  8 82 45 52 96 31 50 42 94 27 66 47 71 83 90 78  9 92 58 23 49 46 88 94 38 64 98 23 50 21 74 68 62  4 73 98 87 17 52  3 77 21 83 88 28 55 64 40 45 36 44 92 49  2 97 12 51 60 66 64 48 85 11 13 72 13 42 98 79 71 51 31 23 56 13 77 76 30 16 82 19 34 36 18 13  6 
60 27 57 53 13 62 14 91 37 34 63 74 42 54 32 70 64 93 55 59 85 77 30 57 92 97 14 42 53 69 14 61 59 42 89 92 65 32 38 74 87 46 34 95  1 56 86 33 43  6 61 95 78 72 22 21 37 84 41  4 42 99 41 95 39 50  2 48 59 90 76 47 10 95 35 62 16 62 62 39 66 67 19 97 16 40 16  8 91 48 51 12 12 58  9 31  4  7  6  3 
Span: 5802

Total time: 792.974 sec
SD: 31.7136
