Tabutype: Objective Value
Tabulist Size: 500 ~ 2000
Iteration Times:1000
Solution Num:50

Solution:
Max: 6647 min: 6464 avg: 6546.82
6506 6575 6525 6527 6506 6563 6647 6555 6586 6556 6545 6502 6622 6555 6526 6532 6562 6552 6505 6574 6582 6522 6574 6559 6518 6470 6580 6561 6577 6624 6542 6494 6523 6518 6622 6520 6583 6515 6550 6529 6528 6518 6535 6596 6584 6557 6522 6537 6464 6516 

Jobs:100 Machines:20
23 10 16 23  5 12  9 12 22 17 14 86 86 40 59 63 24 76 34 29  8 75 76 47 58 77 26 75 54 16 21 42 63  4 16 87 70 11 87 95 88 22 62 43 59 38 87 72 56 84 74 33 98 80 47 49 96  1  8 47 33 69 52 82  3  8 38 53 61 64 41 68 69 93 96 44 42 94 90 60 79 66 66 55 57 31 82 72 71 40 53 71 68 86 67 99 63 25 89  1 
 8  8 45 16  9 27 39 13  7 48 95 42 62  4 53 58 28 43 51 53 82 30 81 62  8 18 52 38  2 86 21 46 26 80 16 59 25 54 84 79 26 36 22 78 71 36 98 77 95 59 61 46 99 42 52 48 90  3 86 52 88 15 43 85 51 74 33 45 28 86 60 73 50 98 43 28 70 56 50 95 92 93 32  3 12 71 80 97 41 83 97 42 71 44  6  4 50 75 30 86 
 7 41  5 70 59 24 46 20 47 53 45 56 12 16 40 42 92 87 72 68 78 69 42 99 16  7 63 87 89 55 20 13 88 77 58 20  8 82 24 14 23 76 48 43 88 59 25 25 37 99 55 66 38 64 95 72 67 68 41 91 10  2 24 18 82 89 40 23 70 42 96 17 72 60 26 94 89 74 65 65 87 10 22 89 94 46 72 57 56 82 84 10  3 11 23 32 63 71 67 34 
49 11 98 83 44 42 14 51 73 13 29  6  3 83 47  8  6 32 13 44 11 73 40 53 32 92 16 96  7 52 97 40 30  2 75  7  3 76 63 32 43 32 11 13 47 43 59  9 39 95 92 23 86 35 44 13 28 74 76 55 18 92 55 56 84  2 61 92 66 45 61 48 31 15 70 33 98 40 58 53 72 16 85 20 23 56 16 16  6 61 22  8 59 24 56 27 69 15 18 73 
70 23 63 11 54  5 85 37 60 27 55 14 49 21 90 10 88 47 95 47 53 44 45 68 94 25 24 93 54 97 17 33 17 29 47 60  3  1 94 25 54 47  7 41 48 74 70 88 22 85  4 90 94 79 30 72  1 63 94 46 38 39 65 43 73 15 27 73 78 94  3  7 94 42 17 64 76 67 59 74 97  4 28 22 59 43 15 42 18 68 21 20 98 35 60 38 16 14 91 60 
20 39 13 88 14 27 43 38 84 35 83 10 57  3 98  1 19 47 21 38 30 80 31 21 41 32 54 82 41 11 39 35 24 77 66 14 39 65 26 86 36 21 21 99 81  6 38 70  9 66 78 88  2  8 16 97 73 55  2 45 54 76 32 78 76 43 75 64 65  9 16 86  3 86 15 86 12 80 64 52 71 41 96  3 59  2 93 69  7 57 14 77 51 60 52  6  2 60 92 32 
30 19 64  8 47 51 15 74 54 15  8 45 50 41 56 39 97 52 46 22 75 96 65 81 43 33 58 50 29 48  1 54 74  3 15 48 85 99 20 20  1 84 88 79 16 59 77  5 26 74 88 94  7 51 52 69  5 11 67 38 83 11 83 96 15  3  9 31 38 14 60 35 71 51 56 41 71 42 78 37 59 73 21  2 88 79 67  9 11 48 50  2  8 61 59 86 48 23 49 32 
 5 89 79 92 76 48 42 66 59 51 77 25 49 88 36 97 32 40 97 73 31 65 39 47 23 65 29 11  5 92  7 45 74 73 95 99 66 10  7 54 87 72 20 83 19 37 70 82 21  2 91  2 82 26 45 79 92 26 51 19 99 30 82 13 80 31 35 44 12 90 14 64 30 23 35 93 61 83 53 10 24 92 18 96 81 19 58 44 22 34 38 18 60 76 91 61 57 92 35 25 
77 64 94 39 47 42  7 32 43 30 74 48 50 85 61  8  4 36 96 31 23 85 18 95 64 18 90 29 17 74 27 28 92 83 18 31 26 27 51 95 76 55 57 39 12 53 43 79 26 95  7 76 19 82 18 91 10 67 51 69 78 23 30 86 12 20 80 60 82 18 80 29 64 88 88 52 62  2 70 50 37 80  2 92  7 76 14 18 36 20 91 69 91 35 55 25 70 12 90 54 
99 65 53 60  5 31 60 21 92 16 32 69 86 65 39 86 76 20 61 78 22 47 79 81 75 52 17 55 15 97 53 26 79 89 23 72 57  8 18 82 36 37  6 56 41 57 93  5 78 99 11 79  1 22 58 65 16 84 25 29  2 71 62 60  7 70 38 38 34 80 33 95 43 87 78 39 58 90 47 71 89 33 74 79  3 40 80 49  7 11 69 75 48 82 57  8 77 54 84 93 
87 11  5 92 75 48 40 49 18 10 80 87 33 82 69 33 41 48 99 43 62  8 29 66 75 43 23 97 16 71 43 15 73 87 35  7 49 30 52 30 70  7 84 78 21 46 24 54 30 28  6 21 63 27 12 72 42 86 51 79  4 94 69 44  9 34 91 40 51 22 86 90 85 28 12  3 73 25 27 57  2 98 36  7 28 64 34 92 66 15 48 56 78 51 36 34 30 26 69 71 
77 49  3 56 32 51 95 74 30 90 19 36 30 37 22 85 64 15 66 28 88 29 95 55 10 42 26 95 24 83 78 48 49 56 63 19  4 76 56 21  2 86 44 72 32 63 85 81 20 31 12 68 70 94 46 59  4 82 56 39 72 57  1 11 62 59 79 54 99 34 21  5 27 34 49 97 16 93 79 88 43 72  3 92  1 23 92 84 24 71 18 72 52 53  6 98  6 52 46 46 
97 46 86 97 57  8 67 25 51 54 60 76  3  2 30 55 99 82 75 33 37 60 37  5 81 82 82 31 69 93 91 72 73  8  4 87 56 15 39 13 93  8 52 81 72 23 53 62 87 34 97 25 57 94 56  4 26 58 46 16 43 66 81 68 76 72 32 10 38 25 14 90 97 24 40 68 97 15 80 79 88 48 17 75 33 30 77 37 75 29 46 73 81 54  4 22 46 42 97 86 
60 93 80 99 33  1  7 98 21 74 89 14 67 59 23 89 48 98 68 92 96  7 30  8 76 74 32 84 64 79 81 13 11 79 57  1 42 21 59  9 78 46 41 92 27 48 30 75 65 67 38 89 54 41 51 29 59 31  6 63 12 59 32 63 51 10 59  8 75 73 32  6  2 25 15 97 58 73 96 71 71  7 98 35  8 38  2 77 14 49 81 75 61 54  8 75 22 67 38  3 
47  8 33 73 68  1  8 39 69 49 49 57 86 96 41 89  8 54 38 53 56 52  8 83  4 96  2 65 66 55 12 53 30 12 22 12 35 71 46 57 22 10 58  5 45  3 57 88 89 51 36 11 39 43 65 95 33 12 46 70 26 76 62 59 82 24 31 69 48  7 56 83 94 90 13 96 81  5 28 34 64 71 13 25 20 98 18 59 46 59 56 33 30 19 12 35 64 40 21 58 
93 22 82 87 20 28 21 94 71 14 45 77 67 65 23 50 64 84 51 96 35 29 15 97 18 75 43 31  5 98 18 34 20 80 99 70 19  9 87 79 27 79 69 69 56 30 52 41 54 26 18 99 46 78 81  4 69 84 42 30 22 53 80 46  6 58 54 51 97 51 67 98 15 62 60 66 78 29 59 54 17 10 55 44 41 14 88 81  6 44 90  6  9 30 81 85 45 10 63 51 
82 96 80 48 43  4 10 43 66 86 91 16 89 27 67  2 89 53 28  5 40 33  9  3 37 35 44 40 79 10 78 37  1 92 37 55 41 49 48  3 33 80 82 24 14 89 55 44 15  2 75 69 55 75  7 88 69 38 55 59 74 27 42 88 31 41 61 35 46 41 87 93 14 81 83 10 29 81 48  8 13 84 48 79 10 15 70 40 81 35  5 20 99 61 38 10 13 24 23 49 
81 63 14 81  7 44 38 29 73 22 78 42 84 29 85 15 64 44 99 18 38 84 79 12 84 83 82 36  3 84 53 39 81 36 51 60 87 45 36 81 73 77  4 87 56 15 70 73 67 69 68 51 65 33  9 57 84 93 76 57 61 18 58 66 38 32 27 69 47  3 81 58 27 69  6 68 63 64 14 10 94 11 70 89 82  8 58  6 17 28 16 25 88 46  1 40 62 24 73 61 
51 37 56 66 32  6 10 25 45 83  8 97 46 82 24 73 89 71 45 84 30 69 39 68 78 41 49 44 83  5  6 56  7 71 72 61 10 97 49  3 51 39 92 68 44 91 10 50 89 70 13 34 86 40 62  6  9 78 66 77  1 98 36 82  5 30 14 51 51  9 24 30 77 15  9 63 36 37 99 20 59 54 25 82 27 70 17 49 59 46 12 23 12 30 34 82  2 42 25  2 
58 32 45 89 49 57 93  3 90 49 28 78 15 30 37 71 99 92 59 88 24 33 73 75 78 45 34 93 74 97 12 80 79 85 43 69 94 36 97 38 78 25 41 77 52 53 70 50 13 21 77 60 51 93 46 41 81 61 47 64 37 50 12 18 69 63 34 71 81 50 39 43  3 74 70 58 54 45  2 64 23 28 96  4 64  2 13 88  3 57 49 34  4 55 22 25 37 20 31  3 
Span: 6464

Total time: 1494.33 sec
SD: 38.5273
