Tabutype: Objective Value
Tabulist Size: 50
Iteration Times:1000
Solution Num:50

Solution:
Max: 1618 min: 1583 avg: 1596.18
1618 1600 1588 1584 1592 1586 1594 1600 1598 1614 1607 1595 1598 1586 1586 1600 1601 1597 1595 1593 1598 1594 1600 1586 1597 1594 1592 1593 1596 1593 1595 1595 1609 1590 1604 1594 1598 1592 1595 1596 1583 1592 1593 1597 1600 1607 1610 1590 1593 1601 

Jobs:20 Machines:10
22 21 21 44 31 61 66 37 97 58  4 28 99 83 83 94 94 58 74  6 
15 34  3 41 54 98 42 88 70 27 61 76 49 87 72 76 43 64 28 79 
34  7 52 87 46 60 26  7  7 56 13 32 36 98 48 23 36 32 89 85 
10 76 88 48 79 26 77 24 95 26 58 98 85 47 55 19 78 29 60 90 
39 70 66 11 16 41 30  5 68 12 57 82 58 84 31 23 58 99 54  5 
74 57 11 19 51 36 40 79 54 54 97 53 24 77  3 53 86 65 92 56 
91 27  8 96 49 82 60 37 43 88 72 22 84  2 67 93 13 50  9 11 
28 95 18 61  6 90 75 38 57 25 28 51  4 18 80 69  5 84  4  4 
48 56 15 83 76 99 74 18 84 91 49 10 96 70 86 58 64 62 25 14 
 4 95 84 66 76 26 67 98 70  8 30 79 71 91 62 42 91  9 15  3 
Span: 1583

Total time: 6.19312 sec
SD: 7.29185
