Tabutype: Objective Value
Tabulist Size: 1000
Iteration Times:1000
Solution Num:50

Solution:
Max: 5990 min: 5814 avg: 5895.38
5902 5831 5896 5914 5857 5884 5882 5911 5908 5903 5905 5838 5902 5990 5814 5911 5913 5930 5964 5876 5901 5889 5870 5878 5903 5891 5824 5882 5894 5944 5857 5877 5872 5880 5892 5947 5869 5869 5955 5903 5842 5909 5897 5949 5874 5923 5863 5972 5893 5919 

Jobs:100 Machines:10
 7  5 60 31 20 28 18 59 12  6 18 91  4 58 60  2 33 40 17 89  2 53 95  4 99  8 44 21 75 53 71 21 28 97 70 84 68 74 37 85 97  4 46  4 91 33 55 99 98 89 49 78 82 95 46 10 33 50 37 57 53 41 93 44 57 68 24 80 93 15 62 82 95 80 24 14 75 51 52 55 96 71 41 17 83 98 69 42 63 73 91 47 52 90 75 42 34 98 86 14 
49  3 29  8 59 16 21 73 81 62 76 24 80 41  9 66  2 53 86 40 13 95 67 19 21 90 34 31 95 76  5 48 35  6 66 87 26 53 66 30 61 93 74 71 86 36 28 26 82 62 56 47 36 65 27 36 52 69 48 23 32 81 72 46 26 65 68 12 66 96 37 17 21 37 71 66 56 67 82 76 35 11 78 67 20 76 46 93 16  5 59 55 95 47 53 79 24 85 63 24 
 6 24 85 15  8 74 54 75 20 67 55 78 27 81  8 70 10 33 19 78 92 25 76 38 15 67 83 66 35 47 10 66 39 72 62 30 76 18 61 20 41 23 26 55 27 23 88 34 42 44 92 91 10 58 77 76 39 93  9 59 84 41 96 21 14 85 65 86 17 65 38 55 55 18 28 53 30 84 63 97 56 10 29 96 14 85 89 56 94 75  8 76 77 12 60 59  7 60 24 79 
30 70 39  5 64 12 83 84 14 27 21 17  7 96 12 62 38 74  2 37 32 78 24 68 68  1 75 57 32 48 58 47 32 89 55 26 22 82 56 99 77 22 37 84 24 62 46  6 87 28 86 93 98 21 52 78 85 53 57 45 14 83 50  8 49 60 56 19 38 49 98 33 21 50 67 31 89 90 79 89 33 97 29 71 89 44 24 65 22  9 78 88 29 36 45 93 43 14 34 25 
 4 31 30 55 30 59 32 46 69 34 64 68 76 43 10 21 59 46 30 82 71  4 93 43 22 85  3 84 77 66  9 82 33 33 57 72 73 11 21 70 48 76 57 93 91 22 14  3 85 80 95 45 88 67  5 98 77  7 75 78 77 87 58 17 60 14 14 59 96 77 93 39 13 70 10 98 31 83 80 19 86 70 77 11 49  1 50 10 96  2 81 79 25 32 95 64 65 72 35 25 
92 65 64 20 95 98 36 77 62 67 97 39 35 63 13 36 93 17 85 34 48 72 29 72 46 77 43 98 62 38 25 30 45 48 77 42 56 81  3 94 31 46 98 66 51 26 82 67 88 26 61 73 38  9 90 96 31 27 93 93 80 29 24 88 21 57 44 90 51 81 65 69 19 15 48 97  3 79 53 55 67 92 14 27 25 96 25 72 54 74 18 36 75 61 44 99 75 30 39 79 
90 52 71 56 16 30 97 27 81 73 46 76 57 75 65 44 55 48 52 35 98 49 26 22 95 35 84 34 82 65 50 13 32  1 63 78 65 39 53 76 17 81 59 82 24 14 17 93 87  3 76 42  8 14 66 10 74 69 94 88 26 37 85 22 88  4 39 68 91 56 69  4 90 51 38 61 43 43 71 63 96 19 14 16 95 88 49 51 27 78 19 59 30 96 63 59 13 25 98  2 
32 66 11 19 83 97 49 56 42 65 22 25 76 11 22 29 19 82  6  2 96 80 29 51  6 12 89 43 22 53 51 11  3 90 32 84 52 75 91 34 68 30 38 40 31 37 58 80 87 90 77 52 21 79 11 85 44 35 53 54 11 96 59 84  9 83 85 65 22 23 66 64 53 48 30 88 23 95 95 14 69 47 10 37 53 64 78 63  3 44 80 59 19 82  3 54 17 83 23 16 
33 61 96 66 92 58 66 94 50 45 60 52  8 98 94 83 68 49 40 98 31 42 97 55 88 88 71 44 83 85 82 36  2 42 34 23 13  4 17 50 76 13 64 77 87 83 72 38 56 64 74 13 77  3 66 47 78 92 21 66 82 12 71 87  9 81 68 64 49 98 45 75 62 19 73 28 51 46 92 36 30 52 21 98 63 16 55 23 80 23 90 31 27 79 48 11 51 18 13  6 
60 13 55 57 63 59 54 32 85 64 47 78 32 87 30 34 27  2 99 67 59 77 59 53 84 65 14 39 42 62 70  4 48 66 31 46 91 33 95 34 51 39 74 22 61 37 62 38  8 95  1 62 48 72 10 97 69 50 21 92 58 90 97 14 14 42 56 42 89 62 41 91 86  9 43 41 76 92 61 95 12 93 95  6 37 12  4 16 74 42 53 40 57 19 35 16 16  7  6  3 
Span: 5814

Total time: 846.427 sec
SD: 36.7689
