Tabutype: Objective Value
Tabulist Size: 500
Iteration Times:1000
Solution Num:50

Solution:
Max: 6636 min: 6476 avg: 6538.7
6536 6496 6499 6486 6555 6511 6575 6491 6507 6557 6539 6543 6511 6517 6568 6505 6616 6519 6530 6532 6585 6491 6584 6588 6578 6521 6500 6510 6575 6576 6556 6536 6508 6518 6594 6560 6636 6540 6494 6489 6543 6557 6582 6476 6544 6565 6534 6520 6525 6557 

Jobs:100 Machines:20
23  5 23 22 43 31 10 42 71 40 24 61 16 17 70  9 68 33 16 75 76  8  4 22 96 52 59 54 53 16 63 40 69 41 76 44 86 96 77 62 34 56 26 66 99  3 42 38 49 60 86  1 21 63 58 33 47 55 14 63 38  8 47 72 64 87 11 57 72 82 98 74 93 12 87 95 71  8 29 86 75 66 88 87 69 67 79 80 94 82 12 53 90 84 59 68 47 25 89  1 
 8  9 16 36 78 71  8 46 42  4 28 28 45 48 25 39 73 46 16 38 81 86 80  7 90 43 53  2 45 86 26 83 15 60 43 28 62 43 18 22 51 95 52 32  4 51 70 33 48 95 42  3 21 58  8 88 62  3 95 50 36 74 52 77 86 59 54 12 97 85 99 61 98 13 84 79 41 82 53 44 30 93 26 98 50  6 92 42 56 80 27 97 50 59 71 71 52 75 30 86 
 7 59 70 76 43 46 41 13 10 16 92 70  5 53  8 46 17 66 58 87 42 41 77 47 67 24 40 89 23 55 88 82  2 96 87 94 12 26  7 48 72 37 63 22 32 82 89 40 72 65 56 68 20 42 16 10 99 89 45 63 59 89 91 25 42 20 82 94 57 18 38 55 60 20 24 14 56 78 68 11 69 10 23 25 72 23 87 64 74 72 24 84 65 99 88  3 95 71 67 34 
49 44 83 32 13 56 11 40  8 83  6 66 98 13  3 14 48 23 75 96 40 76  2 73 28 55 47  7 92 52 30 61 92 61 32 33  3 70 92 11 13 39 16 85 27 84 98 61 13 53  6 74 97  8 32 18 53 20 29 69 43  2 55  9 45  7 76 23 16 56 86 92 15 51 63 32  6 11 44 24 73 16 43 59 31 56 72 35 40 16 42 22 58 95 47 59 44 15 18 73 
70 54 11 47 41 43 23 33 20 21 88 78 63 27  3 85  7 90 47 93 45 94 29 60  1 65 90 54 73 97 17 68 39  3 47 64 49 17 25  7 95 22 24 28 38 73 76 27 72 74 14 63 17 10 94 38 68 22 55 16 74 15 46 88 94 60  1 59 42 43 94  4 42 37 94 25 18 53 47 35 44  4 54 70 94 60 97 79 67 15  5 21 59 85 48 98 30 14 91 60 
20 14 88 21 99  2 39 35 77  3 19 65 13 35 39 43 86 88 66 82 31  2 77 84 73 32 98 41 64 11 24 57 76 16 47 86 57 15 32 21 21  9 54 96  6 76 12 75 97 52 10 55 39  1 41 54 21  3 83  2  6 43 45 70  9 14 65 59 69 78  2 78 86 38 26 86  7 30 38 60 80 41 36 38  3 52 71  8 80 93 27 14 64 66 81 51 16 60 92 32 
30 47  8 84 79 79 19 54  2 41 97 38 64 15 85 15 35 94 15 50 65 67  3 54  5 83 56 29 31 48 74 48 11 60 52 41 50 56 33 88 46 26 58 21 86 15 71  9 69 37 45 11  1 39 43 83 81  2  8 48 59  3 38  5 14 48 99 88  9 96  7 88 51 74 20 20 11 75 22 61 96 73  1 77 71 59 59 51 42 67 51 50 78 74 16  8 52 23 49 32 
 5 76 92 72 83 19 89 45 18 88 32 12 79 51 66 42 64  2 95 11 39 51 73 59 92 82 36  5 44 92 74 34 30 14 40 93 49 35 65 20 97 21 29 18 61 80 61 35 79 10 25 26  7 97 23 99 47 96 77 57 37 31 19 82 90 99 10 81 44 13 82 91 23 66  7 54 22 31 73 76 65 92 87 70 30 91 24 26 83 58 48 38 53  2 19 60 45 92 35 25 
77 47 39 55 39 76 64 28 69 85  4 82 94 30 26  7 29 76 18 29 18 51 83 43 10 30 61 17 60 74 92 20 23 80 36 52 50 88 18 57 96 26 90  2 25 12 62 80 91 50 48 67 27  8 64 78 95 92 74 70 53 20 69 79 18 31 27  7 18 86 19  7 88 32 51 95 36 23 31 35 85 80 76 43 64 55 37 82  2 14 42 91 70 95 12 91 18 12 90 54 
99  5 60 37 56 40 65 26 75 65 76 34 53 16 57 60 95 79 23 55 79 25 89 92 16 62 39 15 38 97 79 11 71 33 20 39 86 78 52  6 61 78 17 74  8  7 58 38 65 71 69 84 53 86 75  2 81 79 32 77 57 70 29  5 80 72  8  3 49 60  1 11 87 21 18 82  7 22 78 82 47 33 36 93 43 57 89 22 90 80 31 69 47 99 41 48 58 54 84 93 
87 75 92  7 78 64 11 15 56 82 41 51  5 10 49 40 90 21 35 97 29 51 87 18 42 69 69 16 40 71 73 15 94 86 48  3 33 12 43 84 99 30 23 36 34  9 73 91 72 57 87 86 43 33 75  4 66  7 80 30 46 34 79 54 22  7 30 28 92 44 63  6 28 49 52 30 66 62 43 51  8 98 70 24 85 36  2 27 25 34 48 48 27 28 21 78 12 26 69 71 
77 32 56 86 72 23 49 48 72 37 64 99  3 90  4 95  5 68 63 95 95 56 56 30  4  1 22 24 54 83 49 71 57 21 15 97 30 49 42 44 66 20 26  3 98 62 16 79 59 88 36 82 78 85 10 72 55 92 19  6 63 59 39 81 34 19 76  1 84 11 70 12 34 74 56 21 24 88 28 53 29 72  2 85 27  6 43 94 93 92 51 18 79 31 32 52 46 52 46 46 
97 57 97  8 81 30 46 72 73  2 99 38 86 54 56 67 90 25  4 31 37 46  8 51 26 81 30 69 10 93 73 29 66 14 82 68  3 40 82 52 75 87 82 17 22 76 97 32  4 79 76 58 91 55 81 43  5 75 60 46 23 72 16 62 25 87 15 33 37 68 57 97 24 25 39 13 75 37 33 54 60 48 93 53 97  4 88 94 15 77  8 46 80 34 72 81 56 42 97 86 
60 33 99 46 92 38 93 13 75 59 48 75 80 74 42  7  6 89 57 84 30  6 79 21 59 32 23 64  8 79 11 49 59 32 98 97 67 15 74 41 68 65 32 98 75 51 58 59 29 71 14 31 81 89 76 12  8 35 89 22 48 10 63 75 73  1 21  8 77 63 54 38 25 98 59  9 14 96 92 54  7  7 78 30  2  8 71 41 73  2  1 81 96 67 27 61 51 67 38  3 
47 68 73 10  5 98  8 53 33 96  8 48 33 49 35  8 83 11 22 65  8 46 12 69 33 62 41 66 69 55 30 59 76 56 54 96 86 13 96 58 38 89  2 13 35 82 81 31 95 34 57 12 12 89  4 26 83 25 49 64  3 24 70 88  7 12 71 20 59 59 39 36 90 39 46 57 46 56 53 19 52 71 22 57 94 12 64 43  5 18  1 56 28 51 45 30 65 40 21 58 
93 20 87 79 69 14 22 34  6 65 64 97 82 14 19 21 98 99 99 31 15 42 80 71 69 80 23  5 51 98 20 44 53 67 84 66 67 60 75 69 51 54 43 55 85  6 78 54  4 54 77 84 18 50 18 22 97 44 45 45 30 58 30 41 51 70  9 41 81 46 46 18 62 94 87 79  6 35 96 30 29 10 27 52 15 81 17 78 29 88 28 90 59 26 56  9 81 10 63 51 
82 43 48 80 24 15 96 37 20 27 89 46 80 86 41 10 93 69 37 40  9 55 92 66 69 42 67 79 35 10  1 35 27 87 53 10 89 83 35 82 28 15 44 48 10 31 29 61 88  8 16 38 78  2 37 74  3 79 91 13 89 41 59 44 41 55 49 10 40 88 55 75 81 43 48  3 81 40  5 61 33 84 33 55 14 38 13 75 81 70  4  5 48  2 14 99  7 24 23 49 
81  7 81 77 87  8 63 39 25 29 64 47 14 22 87 38 58 51 51 36 79 76 36 73 84 58 85  3 69 84 81 28 18 81 44 68 84  6 83  4 99 67 82 70 40 38 63 27 57 10 42 93 53 15 84 61 12 89 78 62 15 32 57 73  3 60 45 82  6 66 65 68 69 29 36 81 17 38 18 46 84 11 73 70 27  1 94 33 64 58 44 16 14 69 56 88  9 24 73 61 
51 32 66 39 68 70 37 56 23 82 89 51 56 83 10 10 30 34 72 44 39 66 71 45  9 36 24 83 51  5  7 46 98 24 71 63 46  9 41 92 45 89 49 25 82  5 36 14  6 20 97 78  6 73 78  1 68 82  8  2 91 30 77 50  9 61 97 27 49 82 86 13 15 25 49  3 59 30 84 30 69 54 51 10 77 34 59 40 37 17  6 12 99 70 44 12 62 42 25  2 
58 49 89 25 77  2 32 80 34 30 99 81 45 49 94 93 43 60 43 93 73 47 85 90 81 12 37 74 71 97 79 57 50 39 92 58 15 70 45 41 59 13 34 96 25 69 54 34 41 64 78 61 12 71 78 37 75  4 28 37 53 63 64 50 50 69 36 64 88 18 51 77 74  3 97 38  3 24 88 55 33 28 78 70  3 22 23 93 45 13 57 49  2 21 52  4 46 20 31  3 
Span: 6476

Total time: 1460.54 sec
SD: 36.3022
