Tabutype: Objective Value
Tabulist Size: 100
Iteration Times:1000
Solution Num:50

Solution:
Max: 3139 min: 3052 avg: 3098.52
3121 3116 3102 3105 3067 3076 3113 3083 3066 3110 3090 3103 3097 3123 3125 3124 3113 3090 3111 3113 3057 3105 3091 3086 3119 3113 3096 3108 3119 3092 3078 3111 3067 3069 3098 3090 3111 3139 3120 3113 3072 3090 3092 3101 3114 3101 3093 3110 3071 3052 

Jobs:50 Machines:10
 2  2 53 32 19 38 19 10 73  7 26 45 79  8 44 69 13  7 85 84 61 42 19 76 12 63 16 85 95 49 73 44 97 52 47 90 85 85 44 46 23 88 66 98 24 11 75 61 24 58 
10 74 37 25 53 42  4 93 15 55 22 25 51 69  4 94 26 96 63 81 35 56 66 30  7 63 50 93 16  2 71 96 73 87 40 87 11 94 28 61 99 56 64  4 90 85 59 36 40 67 
87 28  2 41 82 23 36 71  7 32 39 85 58 32 88 24 11 67 88 64 35  9 25 71 90 69 76  3 96 69 38 10 33  1 53 96 11 64 58  3 49 17 48 53 56 61 43 26 91 83 
65 37  2 91 31 41 47 51 54 10 77 57 21 39 22 43 39 68 59 36  6 69 62 67 49 78 18 24 11 91 12  4 69 24 63 31 87 21 50 51 29 75 63 56 51 57 19 87 92 15 
91  3 44 24 94 10 77 14 49 87 31 47 42 82 58 54 97 36 38 11 71 59 66  6 86 33 93 44 41 51  7 25 94 16 99 94  3 72 94 37 48 37 88 69 34 44 36 62 98 78 
44 11 25 15 98  2 82 44  8 99 73 75 68  1 99 35 27 33 43 91 43 27 11 90 52 91 24 36 78 28 66 76 37 93 83  3 40 76 34 79 62 30 74 60 39  6 62 62 60 16 
 3 11 97 87 67 54 29 67 57 95 46 38 38 95  7 37 71  8 94 77 23 92  4 57 82 52  5 85  7 67 48 76 86 87  8 65 61 97 23 83  6 27 66 49 19 85 78 22 72 46 
98 28 92 59 95 80 14 55 98 75  3 25 99 47 39 24 42 89 90 11 61 41 26 57 55 47 94 74 26 74 69 36 98 29 55  5 86 33 80 22 30 66 47  8 82 72 68 38 47 41 
23 93 16 54 33 53 65 41 40 15 43 94 75 41 62 81 22 22 66 88 81 94  2 34 12 93 87 27 91 39 51  5 18 92 14 77 59 56 37 27 32 78  2 79 58 36 20 30 30  1 
32 49 62 39 94 34 91 46  2 12 57 66 39 93 90 87 82 62 26 54 81 81 34 81 59 40 10 51 64 22 23 22 41 47 97 27 38 68 24 24 84 11 93 23 23 11 50 21 11 10 
Span: 3052

Total time: 94.4456 sec
SD: 19.6907
