Tabutype: Objective Value
Tabulist Size: 50
Iteration Times:1000
Solution Num:50

Solution:
Max: 1297 min: 1294 avg: 1296.94
1297 1297 1297 1297 1297 1297 1294 1297 1297 1297 1297 1297 1297 1297 1297 1297 1297 1297 1297 1297 1297 1297 1297 1297 1297 1297 1297 1297 1297 1297 1297 1297 1297 1297 1297 1297 1297 1297 1297 1297 1297 1297 1297 1297 1297 1297 1297 1297 1297 1297 

Jobs:20 Machines:5
12 36 68 14 32 54 76 29 15 71 77 27 53 87 77 38 83 87 94 91 
47 70  5 73 21 79  3 75 11 99 56  5 99 86 14 60  3 56 77 61 
63 45 77 63 26 16  7 41 49 15 89 57 60 75 47 23 89 64 40  1 
56 91 51 39 54 66 85 41 31 68 78 49 13 77 40 59 58 85 31  9 
47 35 68  8 58 58 86 49 20 85 53 69 53 18 87 41 56 13 28 72 
Span: 1294

Total time: 3.70839 sec
SD: 0.424264
