Tabutype: Objective Value
Tabulist Size: 500
Iteration Times:1000
Solution Num:50

Solution:
Max: 5565 min: 5495 avg: 5527.2
5527 5527 5564 5527 5527 5505 5505 5522 5522 5519 5527 5527 5527 5527 5527 5561 5527 5527 5527 5527 5522 5527 5495 5527 5527 5495 5565 5527 5527 5565 5527 5522 5546 5514 5495 5527 5527 5522 5564 5564 5522 5527 5520 5527 5527 5527 5527 5495 5527 5527 

Jobs:100 Machines:5
 1 65 13 46 42 75  6 86 44 49 47  8 67 80 40 43 34 66  7 66 85 68 21 39 59 79 67  6 54 42 91 79  4 27 26 61 89 69 55 85 30 10 86 48 31 87 26 44 95 28  4 52 62 81 97 61  7 64 52 21 55 50 33 98  4 27 12 38 79 45 69 88 79 61  8 74 98 74 84 42 11 99 71 83 55 57 59 79 74 25 60 82 19 54 29 82 97 84 93 73 
84 55 94 56 68 68 10 24 37 14 28 93 73 16  4 46 96 52  1  7 16 89 76 19 33 82 49 77 15 40 51 59 27 16 73 22  7 52 51 19 44 46 70 35 49 58 64 51 66 21 40 97 15 93 37 79  6 44 88 50 98 18 88 41 22 52 16 55  1 40 39  7 89 69 90 22 42 59 46 46 46 72 36 81 84 97 72 16 77 92 28 14 26 28 90 36 47 79 31 34 
 6 41 56 99 19  1 92 80 71 74  9  2 57 75  4 88 11 20 78 41 62 20 84 33 57 65 68 62 42 30 76 14 99 79 66 83 61 31 96 36 84  1 34 96 38 76 43 28 44 37 92 12 78  4  2 33  2 58 30 96 95 67  4 59 83 51 68  7 61 56 91 40 26  8 52 20 16 57 37 95 65 91 98 54 89 38 98 57 81 25 16 82 28 42 18 55 85 30 35  8 
96 98 82 65 53 91  4 56 54 47 53 92 18 87 92  9 33 22 24 95 63 50 49  6 38 56 33 84 77 63 45 39 54 91 67 47 62 18 32 64 95 54 12 49 69  5 25 55 21 80 89  8 94 52  7 97  9 43  3 16 56 89 90 12 97 34 84 50 81 90 90 42 64 63 26 76 67 11 86 26 90 45 62 87 10 46  1 31 80 20 70 22 73 28  3 67 46 25  3 62 
77 94 94 95 64 84 44 82 35 98 49 88 41 63 40  5  8 79 54 52 37 99 18 37 89 47 62 85 70 89 56 86 97 17 46 49 84 80 56 47 41 33 98 48 17  7 36 16 84 90 84 35 15 16 87 89 39 12 96 55 50  6  6 70 50 51 55 61 63 11 70 69 98 62  3  6 92 76 60 55 98 85 43 14  1 34 12 45  7 68 36 59 20 45 22 42  5 49 73 10 
Span: 5495

Total time: 466.581 sec
SD: 16.9067
