Tabutype: Objective Value
Tabulist Size: 20
Iteration Times:1000
Solution Num:50

Solution:
Max: 2359 min: 2298 avg: 2326.5
2343 2336 2348 2357 2341 2317 2299 2306 2312 2343 2310 2311 2350 2305 2347 2308 2350 2310 2317 2319 2320 2343 2323 2307 2350 2309 2344 2309 2339 2348 2317 2349 2341 2314 2308 2301 2352 2342 2350 2305 2318 2306 2298 2342 2359 2342 2306 2306 2307 2341 

Jobs:20 Machines:20
39  1 84 27 68 92 78 48 46 93 48 66 81 43 50 87 90 34 39 65 
 2 93 13 66 57 52 77 38 83 12 97 84 73 65 78  1 56 43  9 39 
54 85 17 85 39 82 85 70 82  6 91 55 48 87 36 72 43 19 10  4 
41  4 29 53 53 18 45 21 33 43 63  4 99 80 85 19 88 98 60 31 
49 39 84 31 31 83 20 15 47 69 80 51  8 93  9 88 92 44 98 13 
57 80 69 26  9 28 61 33 68 37 81 22 41 36 75 74 64 95 96 96 
63 46 31 85 75 70 36 92 43 76 70 20 51 89 46 88 94 19  6 25 
47 28 83 36 46 46 65 98 90 75 10 80 82 61 73 22  3 73 56 59 
65 73 10 76  6 33 79 73 80 93  6  8 25 26 71 18 49 87 36 42 
 9  2  5 89 83 35 74 95 58  6 28  5 25  3  7 41 40 64 33 35 
21 64 84  1 37 80 79 79 10 93 77 65 55 85 49 35 49 18 15 46 
86 83 74 24 40 94 51 55 26 54 89 65 58 22  3 44 53  7 59 19 
89 17 79 55 53 23 55 59 81 13 92 11 16  2 60 41 88 26 15 97 
 1  3 24 91 89 58 25 94 73 55 12 43 16 67 12 71 47 17 46  1 
95 94 94 72 59 86 49 88 48 15 74 27 48 41 75 71 19 87 60 15 
51 38 37 32 80 57 98  1  1 31 19 34 69 66 31 72 61 32 47 62 
96 10 75 26 42 80  7 65 17 63 59 47 94  7 70 38 78  9 41 47 
85 62 16 11 37  9 65 38 68 38 74 64 62 50 20 97 78 26 38 39 
10 70 67 94 85 62 99 10 73 61 82 21  7  4 88 49 30 33 34 31 
84 17 60  3 30 65 89  8 75 90 57 83 55 74  9 19 41 34 22  2 
Span: 2298

Total time: 10.8976 sec
SD: 19.1154
