Tabutype: Objective Value
Tabulist Size: 2000
Iteration Times:1000
Solution Num:50

Solution:
Max: 5979 min: 5813 avg: 5907.02
5908 5949 5928 5823 5947 5940 5949 5902 5921 5873 5903 5868 5912 5866 5951 5866 5876 5968 5886 5932 5913 5882 5914 5935 5887 5863 5943 5931 5908 5957 5979 5871 5813 5951 5886 5898 5883 5908 5883 5948 5916 5917 5929 5868 5903 5908 5850 5917 5959 5863 

Jobs:100 Machines:10
 7 44  5 33 17 33 63  2  4 18  4 75 99 89 20 99  6 14 58 41 33 10 44 18 83 31 53 24 28 80 50 52 82 86 46 47 21 90 37 91  2 52  4 28 82 71 95 51  8 93 74 85 12 95 17 42 40 89 60 46 96 71 91 68 57 68 91 42 24 80 57 59 84 60 37 55 41  4 75 93 97 21 15 49 95 73 55 53 53 62 97 69 98 98 78 75 70 34 98 14 
49 46  3  2 86 36 16 66 80 21 19 95 21 40 59 26 62 66 41 78 52 36 34 76 20  8 95 68 16 37 69 82 17 63 27 55 31 47 66 86 13 95 93 35 36  5 21 67 90 72 53 30 81 67 67 79 53 62  9 74 35 11 24 65 23 26 59 93 71 12 26 73 87 29 48 28 81 71 56 66  6 48 96 56 65  5 76 32 76 37 61 46 76 82 47 53 66 24 85 24 
 6 21 24 10 19 23 94 70 27 54 38 35 15 78  8 34 67 53 81 29 39 76 83 55 14 15 25 65 74 18 93 63 55 24 77 76 66 12 61 27 92 77 23 39 10 10 55 84 67 96 18 20 20 76 96 59 33 44  8 26 56 10 78 85 59 76  8 56 28 86 14 75 30 85  9 88 41 55 30 17 72 66 65 92 58 75 97 84 47 38 41 89 85 42 91 60 62  7 60 79 
30  8 70 38  2 62 22 62  7 83 68 32 68 37 64  6 27 31 96 29 85 78 75 21 89  5 78 56 12 50 53 79 33 34 52 88 57 36 56 24 32 29 22 32 98 58 21 90  1 50 82 99 14 24 71 93 74 28 12 37 33 97 17 60 45 22 78 65 67 19 49 84 26 39 57 46 83 84 89 38 89 47 49 86 21  9 89 14 48 98 77 24 44 87 93 45 55 43 14 25 
 4 17 31 59 30 22 96 21 76 32 43 77 22 82 30  3 34 98 43 77 77 98  3 64 49 55  4 14 59 70  7 80 39 35  5 79 84 32 21 91 71 25 76 33 88  9 13 83 85 58 11 70 69 93 11 64 46 80 10 57 86 70 68 14 78 73 81 10 10 59 60 46 72 30 75 14 87 93 31 96 33 82 77 95 67  2 19 77 66 93 48 50  1 85 45 95 57 65 72 25 
92 88 65 93 85 26 54 36 35 36 72 62 46 34 95 67 67 97 63 14 31 96 43 97 25 20 72 44 98 15 27 53 69 39 90 36 98 61  3 51 48 75 46 45 38 25 19 79 77 24 81 94 62 29 27 99 17 26 13 98 67 92 39 57 93 56 18 72 48 90 21 77 42 64 93 82 29 66  3 51 48 30 81 61  9 74 55 80 38 65 31 25 96 88 73 44 77 75 30 79 
90 22 52 55 52 14 27 44 57 97 22 82 95 35 16 93 73 61 75 14 74 10 84 46 95 56 49 39 30 51 69 71  4 98 66 59 34 96 53 24 98 30 81 32  8 50 90 43 35 85 39 76 81 26 16 59 48  3 65 59 96 19 76  4 88 65 19 51 38 68 88 27 78 71 94 17 37 82 43 91  1 13 56 76 14 78 63 26 65 69 17 49 88 87 42 63 63 13 25  2 
32 84 66 19  6 37  3 29 76 49 51 22  6  2 83 80 65 88 11 10 44 85 89 22 53 19 80 85 97 48 35 95 64 23 11 59 43 82 91 31 96 19 30  3 21 51 53 95 12 59 75 34 42 29 37 54 82 90 22 38 69 47 25 83 54 52 80 63 30 65  9 56 84 11 53 58 96 40 23 22 90 11 23 77 79 44 14 11 53 66 68 78 64 87 52  3 32 17 83 16 
33 87 61 68 40 83 80 83  8 66 55 83 88 98 92 38 45 28 98 21 78 47 71 60 63 66 42 68 58 19 92 92 75 13 66 31 44 79 17 87 31 27 13  2 77 82 62 46 88 71  4 50 50 97 98 11 49 64 94 64 30 52 52 81 66 13 90 23 73 64  9 94 23 96 21 72 12 77 51 49 42 36 98 74  3 23 36 82 85 45 76 55 16 56 13 48 34 51 18  6 
60 14 13 27 99 37 74 34 32 54 53 42 84 67 63 38 64 41 87 95 69 97 14 47 37 57 77 56 59  9 50 61 91  6 10 40 39 19 95 61 59 57 39 48 48 70 86 92 65 97 33 34 85 59  6 16  2 95 30 74 12 93 78 42 92 91 53 16 43 42 14 32 46 55 21 62 90 22 76 89 66  4 62  1 72 42 95 58 62 41 51  4 12  8 62 35 31 16  7  3 
Span: 5813

Total time: 848.849 sec
SD: 36.8956
