Tabutype: Objective Value
Tabulist Size: 600
Iteration Times:1000
Solution Num:50

Solution:
Max: 4066 min: 3971 avg: 4016.68
3999 4055 4001 3988 4045 4013 4028 4057 4021 4043 4001 4037 4012 4006 4018 4049 4025 3995 3971 4023 3999 4006 3999 3981 3992 4017 4051 4017 4038 4008 4014 4008 4010 4014 4008 3998 4015 4044 4000 4047 4066 4010 4009 4011 4008 4011 4014 4014 4037 4001 

Jobs:50 Machines:20
20 28  2 28 40 80 34 53 53  2 12 14 89 60  4 73  4 44 46 95 71 89 95 21 98 62 55  8 37 44 86 52 57 41 59 42 95 68 96 51  4 91 33 98 97 84 83 75 85 37 
 7 55 14 24 68 46 82 15 31  4 60 18 71 47 17 33 90 53 99 99 58 10 17 91 41 18  6 75 74 24 93 63 21 97 82 69 93 52 91 57 75  5 78 33 49 80 50 70 98 42 
59 16 66 35 53 12 24 32 95 13 81 24 62  9 80  5 19 46 74 21 11 40 65 48 82 37 76 90 66 34 63 82 23 78 73 79 67 65 35 67 93 24  2 85  6 87 20 95 30 48 
49 28 66 71 26 27 17 96  8 71 29 76  5 55 86 36 47 76 21 26 41 36 67 86 81 21 62 56 53 68 66 16 31 61 36 46 72 95 59 26 53  3 47 52 56 37 69 66 76 93 
 8 74 70 39 33 86  7 84 25 92 20 79 44  8 27 75 38 21 26 55 10 78 58 66 42 38 97 67 61 83 24 63 59 29 75 59 76 85 56 84 23 78 10 60 72 30 14 35 20  9 
 6 88 53 28 76 77 55 65 15 55 85 55 10 76 19 23 12 47 15 34 81 76 96 27 41 54 67 30 18 65 17 94 66 41 10 89 96 77  8 14 60 24 91 39 92 18 93 62 85 56 
64 12 62 32 74 19 43 14 78 32 14 25 28 12  7  9 68  8 37 21 97 37 21 47 87 98 89  1 56 75 34 79 45 29 84 93 24 60 33 90 22 17 38 14 89 26 89 32 99 57 
30 46 31 67 22 52 33 49  5 84 39 21 58 88  2 62 36 48 68  6 96 78 71 24 83 83 27 89 82 56 38 22 57 77 98 24 50 29 78 49 45 70 93 85 86 50 53 55 44 65 
30 59 21 33 46 59 65 77  4 71 69 25 80 10 76  2 43 17 57 13 70 82 67 82 85 93 19 85 21  3 35 80 78 77 46 64 93 14 86 83 76 68 59 72 33 72 49 77 70 75 
 4 14 98 10 73  5 39 77 55 93 30 64  9 79 30 22 32 66 22  3 43 98 11 91 87 32 34 31 11 14 96 96 84 48 88 50 58 25 81 60 95 31 45 77 95 70  7 57  1 10 
95 98 36 45 17 90 75 80 72 48 62 79 26 13 35 74 72 88 98 19 92 34  9 30 88 65 55 77  3 43 39 53 93 14 77 99 29 57 67 79 46 39 93 30 48 42 25 62 94 93 
92 82 97 48 56 90 69 81 20 66 64 97 25 36 85 26 61 38 46 67 63 96 27 51 29 36 67  3 81 44 51 54 98 31 38 25 24 75 18 21 44 65 73 31 61 15 27 77 96 72 
16 30 44 32 48 68 13 26 49 98 81  2  3 65 57 78 22 22 59 90 19 35 14 13 87 69 63 35 53 84 98 71 88 14 27 59 26  4 96 43 81 76 55 25  1 78 95 82 76 94 
90 17 61 38 65 66  4 56 56 82 71 46 50 59 52 14 96 65 95 93 75 10 16 24 37 97 73 43 39 39 91 27 34 17  8 49 85 30 19 88 63 52 42 74 76 51 69 63 88 51 
83 97 29  3 82 65 17 11 80 96 42 16 90 22 76 44 51 84 38 53 47  2 79 11 87 66 14 12 91 89 23 95 54 10 56 54 29 83 69 95 30 25 19 83 90 84 53 22 34 53 
32 58 88 30 52 11 64 23 19 40 11 22 51 59  6 37 82 53  6 80 11 85 37 31 96 49 65 23 75 85 22  3 43 68 21 78 59 19 80  9  3 66 52 44 77 48 35 32 64 63 
92 58 83  2 49 64 51 82 42 31 50  6 64 94  8 23 55 87 64 62 52 98  3 36 56 45 36 88 17 71 13 92 66 21 94 11 97 81 30 46 13 52 68 18 42 23 63 83 50 21 
33 72 28 73 13 66 75 98 66 77 96 60 82 31 40 83 79 85 88 38 98 47 98 87 12 66 45 51  4 68 49 80 44 76 77 55 71 27 90  9 48 61 13 78 74 19 92 34 16 23 
63 59 34 48  2 42 16 58 77 59 85  3 95 30 32 42 53 14 74 86 93 67 72  4  8 41 95 65 95 14  6 61 92 95 32 16 59 42 12 92 39 78 27  7 66 46 37 42 34 21 
60 62 41 43 91 10 91 62 57 22 55 47 70 40 99 37 19 62 84 38 87 97  6 61 90 54 64 76 33 56 89 74 39 51 48  4 97 57 53 14 35 13 62 69  1  9 50 31 12 16 
Span: 3971

Total time: 201.299 sec
SD: 20.6135
