Tabutype: Swap Pair
Tabulist Size: 1000
Iteration Times:1000
Solution Num:50

Solution:
Max: 6448 min: 6363 avg: 6407.38
6373 6435 6392 6363 6393 6412 6404 6403 6372 6404 6403 6430 6447 6412 6431 6392 6404 6371 6403 6372 6396 6426 6415 6409 6392 6405 6397 6422 6399 6385 6370 6395 6421 6425 6438 6391 6371 6421 6412 6437 6408 6437 6429 6423 6427 6433 6428 6372 6421 6448 

Jobs:100 Machines:20
10 23  1  5 42  4 16 12 26 23 70 58 68 29 17 22 93 76 53 57 43  8 77  8 61 56 12 33 88 63 47 86 80 24 72 21 47 40 59 52 33 22 38 86  9 90 53 74 75 16 47 75 98  8 69 59 60 55 41 44 66 66 87 87 63 38 49 42 16 79 87 54 72 62 63 40 76 82 14 86 96 99  3 84 34 11 71 64 95 96 69 71 25 68 67 94 82 31 89  1 
 8  8  3  9 46 80 45 13 52 16 25  8 73 53 48 36 98 43 45 12 78 86 18 74 28 95 27 46 26 58 52 44 42 28 77 21 62  4 71 43 88  7 33 62 39 50 97 61 38 86 52 30 99 82 15 53 95  3 60 28 93 32 84 59 26 36 48 70 16 92 98  2 97 22 50 83 81 85 95 42 43  4 51 59 51 54 41 86 79 90 50 42 75 71  6 56 80 71 30 86 
41  7 68 59 13 77  5 20 63 70  8 16 17 68 53 76 60 87 23 94 43 41  7 89 70 37 24 66 23 42 91 11 64 92 25 20 99 16 88 24 10 47 40 12 46 65 84 55 87 55 95 69 38 78  2 40 65 89 96 94 10 22 24 20 88 59 72 89 58 87 25 89 57 48 63 82 42 18 45 56 26 32 82 99 72 82 56 42 14 67 72 10 71  3 23 74 72 46 67 34 
11 49 74 44 40  2 98 51 16 83  3 32 48 44 13 32 15 32 92 23 13 76 92  2 66 39 42 23 43  8 55 24 35  6  9 97 53 83 47 55 18 73 61  3 14 58 22 92 96 52 44 73 86 11 92 47 53 20 61 33 16 85 63  7 30 43 13 98 75 72 59  7 16 11 69 61 40 56 29  6 70 27 84 95 13 76  6 45 32 28 31  8 15 59 56 40 16 56 18 73 
23 70 63 54 33 29 63 37 24 11  3 94  7 47 27 47 42 47 73 59 41 94 25 15 78 22  5 90 54 10 46 35 79 88 88 17 68 21 48 65 38 60 27 49 85 59 21  4 93 97 30 44 94 53 39 90 74 22  3 64  4 28 94 60 17 74 72 76 47 97 70 54 42  7 16 68 45 43 55 14 17 38 73 85 95  1 18 94 25  1 94 20 14 98 60 67 15 43 91 60 
39 20 55 14 35 77 13 38 54 88 39 41 86 38 35 21 86 47 64 59 99  2 32 43 65  9 27 88 36  1 45 60  8 19 70 39 21  3 81 32 54 84 75 57 43 64 14 78 82 11 16 80  2 30 76 98 52  3 16 86 41 96 26 14 24  6 97 12 66 71 38 41 69 21  2 57 31 78 83 10 15  6 76 66 21 65  7  9 86 73  3 77 60 51 52 80 93  2 92 32 
19 30 11 47 54  3 64 74 58  8 85 43 35 22 15 84 51 52 31 88 79 67 33  3 38 26 51 94  1 39 38 61 51 97  5  1 81 41 16 83 83 54  9 50 15 78 50 88 50 48 52 96  7 75 11 56 37  2 60 41 73 21 20 48 74 59 69 71 15 59 77 29  9 88 48 48 65 96  8 45 56 86 15 74 46 99 11 14 20  5 71  2 23  8 59 42 67 79 49 32 
89  5 26 76 45 73 79 66 29 92 66 23 64 73 51 72 23 40 44 81 83 51 65 31 12 21 48  2 87 97 19 76 26 32 82  7 47 88 19 82 99 59 35 49 42 53 38 91 11 92 45 65 82 31 30 36 10 96 14 93 92 18  7 99 74 37 79 61 95 24 70  5 44 20 57 34 39 13 77 25 35 61 80  2 97 10 22 90 54 92 30 18 92 60 91 83 58 19 35 25 
64 77 67 47 28 83 94 32 90 39 26 64 29 31 30 55 88 36 60  7 39 51 18 20 82 26 42 76 76  8 69 35 82  4 79 27 95 85 12 30 78 43 80 50  7 70 91  7 29 74 18 85 19 23 23 61 50 92 80 52 80  2 51 31 92 53 91 62 18 37 43 17 18 57 70 20 18 86 74 48 88 25 12 95 96 27 36 18 95 10 64 69 12 91 55  2 14 76 90 54 
65 99 84  5 26 89 53 21 17 60 57 75 95 78 16 37 87 20 38  3 56 25 52 70 34 78 31 79 36 86 29 82 22 76  5 53 81 65 41 62  2 92 38 86 60 47 69 11 55 97 58 47  1 22 71 39 71 79 33 39 33 74 18 72 79 57 65 58 23 89 93 15 49  6 77 11 79 60 32 69 78  8  7 99 61  8  7 80 82 16 43 75 54 48 57 90 80 40 84 93 
11 87 86 75 15 87  5 49 23 92 49 75 90 43 10  7 28 48 40 28 78 51 43 34 51 30 48 21 70 33 79 51 27 41 54 43 66 82 21 69  4 18 91 33 40 27 48  6 97 71 12  8 63 62 94 69 57  7 86  3 98 36 52  7 73 46 72 73 35  2 24 16 92 84 30 15 29 44 80 87 12 34  9 28 99 30 66 22 30 42 85 56 26 78 36 25 34 64 69 71 
49 77 82 32 48 56  3 74 26 56  4 10  5 28 90 86 34 15 54  1 72 56 42 59 99 20 51 68  2 85 39 53 94 64 81 78 55 37 32  1 72 30 79 30 95 79 18 12 95 83 46 29 70 88 57 22 88 92 21 97 72  3 56 19 49 63 59 16 63 43 85 24 84 44  6 71 95 11 19 36 49 98 62 31 66 76 24 34 21  4 27 72 52 52  6 93 92 23 46 46 
46 97 58 57 72  8 86 25 82 97 56 81 90 33 54  8 24 82 10 33 81 46 82 72 38 87  8 25 93 55 16 54 94 99 62 91  5  2 72 81 43 51 32  3 67 80 46 97 31 93 56 60 57 37 66 30 79 75 14 68 48 17 39 87 73 23  4 97  4 88 53 69 37 52 46 29 37 68 60 76 40 22 76 34 75 15 75 25 13 26 97 73 42 81  4 15 77 30 97 86 
93 60 31 33 13 79 80 98 32 99 42 76  6 92 74 46 25 98  8  8 92  6 74 10 75 65  1 89 78 89 63 54 41 48 75 81  8 59 27 32 12 21 59 67  7 96 81 38 84 79 51  7 54 96 59 23 71 35 32 97  7 98 59  1 11 48 29 58 57 71 30 64 77 41 22 49 30 63 89 14 15 75 51 67 68 21 14 73  9 59  2 75 67 61  8 73  2 38 38  3 
 8 47 12 68 53 12 33 39  2 73 35  4 83 53 49 10 90 54 69 20  5 46 96 24 48 89  1 11 22 89 70 19 43  8 88 12 83 96 45 62 26 69 31 86  8 28 56 36 65 55 65 52 39 56 76 41 34 25 56 96 71 13 46 12 30  3 95 81 22 64 57 66 59 58 64 59  8 59 49 57 13 35 82 51 38 71 46  7 57 33 94 33 40 30 12  5 18 98 21 58 
22 93 84 20 34 80 82 94 43 87 19 18 98 96 14 79 62 84 51 41 69 42 75 58 97 54 28 99 27 50 30 30 78 64 41 18 97 65 56 80 22 71 54 67 21 59 90 18 31 98 81 29 46 35 53 23 54 44 67 66 10 55 87 70 20 30  4 78 99 17 52  5 81 69 45 44 15 46 45 77 60 85  6 26 51  9  6 51 79 69 15  6 10  9 81 29 88 14 63 51 
96 82 38 43 37 92 80 43 44 48 41 37 93  5 86 80 81 53 35 10 24 55 35 41 46 15  4 69 33  2 59 61 75 89 44 78  3 27 14 42 74 66 61 89 10 48  5 75 40 10  7 33 55 40 27 67  8 79 87 10 84 48 48 55  1 89 88 29 37 13 55 79 40 82 13 35  9 88 91 16 83 10 31  2 28 49 81 41  3 69 14 20 24 99 38 81 70 15 23 49 
63 81 93  7 39 36 14 29 82 81 87 84 58 18 22 77 69 44 69 82 87 76 83 32 47 67 44 51 73 15 57 46 33 64 73 53 12 29 56 58 61 73 27 84 38 14 16 68 36 84  9 84 65 38 18 85 10 89 81 68 11 70 36 60 81 15 57 63 51 94 70  3  6  4 62 28 79 66 78 42  6 40 38 69 99 45 17  3 81 84 27 25 24 88  1 64 58  8 73 61 
37 51 78 32 56 71 56 25 49 66 10 78 30 84 83 39 15 71 51 27 68 66 41 30 51 89  6 34 51 73 77 30 40 89 50  6 68 82 44 36  1 45 14 46 10 99 12 13 44  5 62 69 86 30 98 24 20 82 24 63 54 25 49 61  7 91  6 36 72 59 10 83 49 92  2 46 39 82  8 97  9 82  5 70 45 97 59  9  3  9 77 23 42 12 34 37 17 70 25  2 
32 58 61 49 80 85 45  3 34 89 94 78 43 88 49 25 74 92 71 64 77 47 45 63 81 13 57 60 78 71 64 55 93 99 50 12 75 30 52 12 37 90 34 15 93  2 49 77 93 97 46 33 51 24 50 37 64  4 39 58 28 96 97 69 79 53 41 54 43 23 70 74 88 41 37 57 73 18 28 78 70 25 69 21 59 36  3 50 38 81  3 34 20  4 22 45 13  2 31  3 
Span: 6363

Total time: 1507.33 sec
SD: 22.438
