Tabutype: Swap Pair
Tabulist Size: 2000
Iteration Times:1000
Solution Num:50

Solution:
Max: 6468 min: 6358 avg: 6408.98
6407 6445 6395 6403 6377 6428 6410 6398 6428 6456 6429 6419 6358 6415 6412 6409 6404 6413 6390 6388 6392 6400 6385 6410 6443 6412 6409 6366 6411 6363 6387 6433 6468 6393 6406 6422 6450 6416 6399 6380 6448 6401 6407 6404 6420 6397 6422 6390 6438 6393 

Jobs:100 Machines:20
23 10 16 23 62  9 29 70  1 16 11  4 58 63 99 14 22 86 42 43 76 72 24  8 41 66 54 55 66 33  8 77 26  5 12 87 72 95 42 21 86 49 96 44 52 47 74 47 82 88 79 40 80 96 38 53 17 56 12 61 69 34 68 22  3 38 25 87 86 84 71 98 16 63 71  8 87 93 63 89 40 33 75 75 47 59 64 57 60 90 59 31 94 69 82 53 76 68 67  1 
 8  8 45 16 22 39 53 25  3 86 54 80  8 26  4 95  7 62 46 78 43 77 28 86 60 32  2  3 93 46 74 18 52  9 13 98 97 79 70 21 44 48 43 28 43 52 61 62 85 26 92 83 42 90 36 45 48 95 27 28 15 51 73 36 51 33 75 84 42 59 42 99 16 50 41 82 59 98 58 30  4 88 30 38 52 53 86 12 95 50 71 71 56 50 80 97 81 71  6 86 
 7 41  5 70 48 46 68  8 68 55 82 77 16 88 32 45 47 12 13 43 87 25 92 41 96 22 89 89 10 66 89  7 63 59 20 25 57 14 89 20 11 72 26 94 24 91 55 99 18 23 87 82 64 67 59 23 53 37 24 70  2 72 17 76 82 40 71 24 56 99 10 38 58 63 56 78 20 60 42 67 16 10 69 87 95 40 42 94 65 65 88 46 74 72 72 84 42  3 23 34 
49 11 98 83 11 14 44  3 74 52 76  2 32 30 27 29 73  3 40 13 32  9  6 76 61 85  7 20 16 23  2 92 16 44 51 59 16 32 98 97 24 13 70 33 55 55 92 53 56 43 72 61 35 28 43 92 13 39 42 66 92 13 48 32 84 61 15 63  6 95  8 86 75 69  6 11  7 15  8 18 83 18 73 96 44 47 45 23 53 58 47 56 40 31 16 22 40 59 56 73 
70 23 63 11  7 85 47  3 63 97  1 29 94 17 38 55 60 49 33 41 47 88 88 94  3 28 54 22  4 90 15 25 24 54 37 70 42 25 76 17 35 72 17 64 65 46  4 68 43 54 97 68 79  1 74 73 27 22  5 78 39 95  7 47 73 27 14 94 14 85 20 94 47 16 18 53 60 42 10 91 21 38 44 93 30 90 94 59 74 59 48 43 67 94 15 21 45 98 60 60 
20 39 13 88 21 43 38 39 55 11 65 77 41 24  6 83 84 57 35 99 47 70 19  2 16 96 41  3 41 88 43 32 54 14 38 38 69 86 12 39 60 97 15 86 32 45 78 21 78 36 71 57  8 73  6 64 35  9 27 65 76 21 86 21 76 75 60 26 10 66 77  2 66  2  7 30 14 86  1 92  3 54 80 82 16 98  9 59 52 64 81  2 80  3 93 14 31 51 52 32 
30 19 64  8 88 15 22 85 11 48 99  3 43 74 86  8 54 50 54 79 52  5 97 67 60 21 29  2 73 94  3 33 58 47 74 77  9 20 71  1 61 69 56 41 83 38 88 81 96  1 59 48 51  5 59 31 15 26 51 38 11 46 35 84 15  9 23 20 45 74  2  7 15 48 11 75 48 51 39 49 41 83 96 50 52 56 14 88 37 78 16 79 42 71 67 50 65  8 59 32 
 5 89 79 92 20 42 73 66 26 92 10 73 23 74 61 77 59 49 45 83 40 82 32 51 14 18  5 96 92  2 31 65 29 76 66 70 44 54 61  7 76 79 35 93 82 19 91 47 13 87 24 34 26 92 37 44 51 21 48 12 30 97 64 72 80 35 92  7 25  2 18 82 95 57 22 31 99 23 97 35 88 99 65 11 45 36 90 81 10 53 19 19 83 30 58 38 39 60 91 25 
77 64 94 39 57  7 31 26 67 74 27 83 64 92 25 74 43 50 28 39 36 79  4 51 80  2 17 92 80 76 20 18 90 47 32 43 18 95 62 27 35 91 88 52 30 69  7 95 86 76 37 20 82 10 53 60 30 26 42 82 23 96 29 55 12 80 12 51 48 95 69 19 18 70 36 23 31 88  8 90 85 78 85 29 18 61 18  7 50 70 12 76  2 64 14 91 18 91 55 54 
99 65 53 60  6 60 78 57 84 97  8 89 75 79  8 32 92 86 26 56 20  5 76 25 33 74 15 79 33 79 70 52 17  5 21 93 49 82 58 53 82 65 78 39 62 29 11 81 60 36 89 11 22 16 57 38 16 78 31 34 71 61 95 37  7 38 54 18 69 99 75  1 23 77  7 22 72 87 86 84 65  2 47 55 58 39 80  3 71 47 41 40 90 43 80 69 79 48 57 93 
87 11  5 92 84 40 43 49 86 71 30 87 75 73 34 80 18 33 15 78 48 54 41 51 86 36 16  7 98 21 34 43 23 75 49 24 92 30 73 43 51 72 12  3 69 79  6 66 44 70  2 15 27 42 46 40 10 30 48 51 94 99 90  7  9 91 26 52 87 28 56 63 35 30 66 62  7 28 33 69 82  4  8 97 12 69 22 28 57 27 21 64 25 85 34 48 29 78 36 71 
77 49  3 56 44 95 28  4 82 83 76 56 10 49 98 19 30 30 48 72 15 81 64 56 21  3 24 92 72 68 59 42 26 32 74 85 84 21 16 78 53 59 49 97  1 39 12 55 11  2 43 71 94  4 63 54 90 20 51 99 57 66  5 86 62 79 52 56 36 31 72 70 63  6 24 88 19 34 85 46 37 72 29 95 46 22 34  1 88 79 32 23 93 27 92 18 95 52  6 46 
97 46 86 97 52 67 33 56 58 93 15  8 81 73 22 60 51  3 72 81 82 62 99 46 14 17 69 75 48 25 72 82 82 57 25 53 37 13 97 91 54  4 40 68 81 16 97  5 68 93 88 29 94 26 23 10 54 87  8 38 66 75 90  8 76 32 42 39 76 34 73 57  4 46 75 37 87 24 55 97  2 43 60 31 56 30 25 33 79 80 72 30 15 97 77 46 37 81  4 86 
60 93 80 99 41  7 92 42 31 79 21 79 76 11 75 89 21 67 13 92 98 75 48  6 32 98 64 35  7 89 10 74 32 33 98 30 77  9 58 81 54 29 15 97 32 63 38  8 63 78 71 49 41 59 48  8 74 65  1 75 59 68  6 46 51 59 67 59 14 67 75 54 57 22 14 96  1 25 89 38 59 12  7 84 51 23 73  8 71 96 27 38 73  2  2 81 30 61  8  3 
47  8 33 73 58  8 53 35 12 55 71 12  4 30 35 49 69 86 53  5 54 88  8 46 56 13 66 25 71 11 24 96  2 68 39 57 59 57 81 12 19 95 13 96 62 70 36 83 59 22 64 59 43 33  3 69 49 89  1 48 76 38 83 10 82 31 40 46 57 51 33 39 22 64 46 56 12 90 89 21 96 26 52 65 65 41  7 20 34 28 45 98  5 94 18 56  8 30 12 58 
93 22 82 87 69 21 96 19 84 98  9 80 18 20 85 45 71 67 34 69 84 41 64 42 67 55  5 44 10 99 58 75 43 20 94 52 81 79 78 18 30  4 60 66 80 30 18 97 46 27 17 44 78 69 30 51 14 54 28 97 53 51 98 79  6 54 10 87 77 26  6 46 99 45  6 35 70 62 50 63 65 22 29 31 81 23 51 41 54 59 56 14 29 15 88 90 15  9 81 51 
82 96 80 48 82 10  5 41 38 10 49 92 37  1 10 91 66 89 37 24 53 44 89 55 87 48 79 79 84 69 41 35 44 43 43 55 40  3 29 78 61 88 83 10 42 59 75  3 88 33 13 35 75 69 89 35 86 15  4 46 27 28 93 80 31 61 24 48 16  2 20 55 37 13 81 40 55 81  2 23 27 74 33 40  7 67 41 10  8 48 14 15 81 14 70  5  9 99 38 49 
81 63 14 81  4 38 18 87 93 84 45 36 84 81 40 78 73 84 39 87 44 73 64 76 81 70  3 89 11 51 32 83 82  7 29 70  6 81 63 53 46 57  6 68 58 57 68 12 66 73 94 28 33 84 15 69 22 67 44 47 18 99 58 77 38 27 24 36 42 69 25 65 51 62 17 38 60 69 15 73 29 61 84 36  9 85  3 82 10 14 56  8 64 27 58 16 79 88  1 61 
51 37 56 66 92 10 84 10 78  5 97 71 78  7 82  8 45 46 56 68 71 50 89 66 24 25 83 82 54 34 30 41 49 32 25 10 49  3 36  6 30  6  9 63 36 77 13 68 82 51 59 46 40  9 91 51 83 89  6 51 98 45 30 39  5 14 42 49 97 70 23 86 72  2 59 30 61 15 73 25 82  1 69 44 62 24  9 27 20 99 44 70 37 77 17 12 39 12 34  2 
58 32 45 89 41 93 88 94 61 97 36 85 78 79 25 28 90 15 80 77 92 50 99 47 39 96 74  4 28 60 63 45 34 49  3 70 88 38 54 12 55 41 70 58 12 64 77 75 18 78 23 57 93 81 53 71 49 13 57 81 50 59 43 25 69 34 20 97 78 21 34 51 43 37  3 24 69 74 71 31 30 37 33 93 46 37 50 64 64  2 52  2 45  3 13 49 73  4 22  3 
Span: 6358

Total time: 1502.5 sec
SD: 23.4002
