Tabutype: Swap Pair
Tabulist Size: 500
Iteration Times:1000
Solution Num:50

Solution:
Max: 5912 min: 5785 avg: 5827.2
5836 5912 5831 5816 5863 5813 5859 5853 5808 5818 5800 5872 5839 5863 5823 5785 5835 5863 5790 5836 5842 5836 5810 5836 5800 5825 5836 5802 5810 5836 5787 5856 5844 5829 5831 5799 5822 5792 5799 5813 5872 5785 5800 5807 5800 5813 5863 5872 5822 5806 

Jobs:100 Machines:10
 7 33 31  4  2  5 20 63 17 53 57 15 33 95 53 71 53 21 89 24 89 18 37 44 71  6 60 41 28 83 60 18 33 51  8 40  2 37 12 24 80 49 82  4  4 97 75 75 86 73 14 52 98 44 99 70 10 55 84 21 82 90 95  4 58 68 50 91 42 47 41 59 98 91 57 28 55 95 97 62 42 98 93 17 68 46 69 99 52 75 74 93 91 85 96 46 78 34 80 14 
49  2  8 19 66  3 59 16 86 76 23 96 52 21 95 11 32 48 40 71 62 21 66 46  5 62 29 81 16 20  9 76 36 67 90 53 13 48 81 68 12 56 17 80 71  6 53 56 63  5 66 82 82 34 21 66 36 76 87 31 36 47 65 93 41 65 69 24 93 55 78 73 76 86 26 35 28 67 61 37 79 85 72 67 26 74 46 26 95 95 53 66 59 30 35 27 47 24 37 24 
 6 10 15 38 70 24  8 94 19 47 59 65 39 55 25 10 84 66 78 28 44 54 61 21 10 67 85 41 74 14  8 55 23 84 67 33 92  9 20 65 86 92 55 27 55 72 60 30 24 75 53 63 42 83 15 62 76 97 30 66 10 12 58 23 81 85 93 78 56 76 29 75 85 27 14 39 88 76 41 38 59 60 96 96 76 26 89 34 77 35 18 17  8 20 56 77 91  7 18 79 
30 38  5 68 62 70 64 22  2 48 45 49 85 21 78 97 14 47 37 67 28 83 56  8 58 27 39 83 12 89 12 21 62 90  1 74 32 57 14 56 19 86 33  7 84 89 45 89 34  9 31 79 87 75 68 55 78 89 26 57 98 36 21 22 96 60 53 17 65 88 29 84 44 24 49 32 46 24 77 98 93 14 50 71 22 37 24  6 29 32 82 38 78 99 33 52 93 43 50 25 
 4 59 55 43 21 31 30 96 30 66 78 77 77 13  4 70 77 82 82 10 80 32 21 17  9 34 30 87 59 49 10 64 22 83 85 46 71 75 69 14 59 95 39 76 93 33 95 31 35  2 98 80 85  3 22 57 98 19 72 84 88 32 67 76 43 14  7 68 10 79 77 46  1 91 60 33 14 93 48 93 64 72 58 11 73 57 50  3 25 77 11 96 81 70 86  5 45 65 70 25 
92 93 20 72 36 65 95 54 85 38 93 81 31 19 72 92 80 30 34 48 26 36  3 88 25 67 64 29 98 25 13 97 26 79 77 17 48 93 62 44 90 61 69 35 66 48 44  3 39 74 97 53 88 43 46 77 96 55 42 98 38 61  9 46 63 57 27 39 72 36 14 77 96 51 21 45 82 29 31 65 99 30 24 27 56 98 25 67 75 62 81 51 18 94 67 90 73 75 15 79 
90 55 56 22 44 52 16 27 52 65 88 56 74 90 49 19 26 13 35 38  3 97 53 22 50 73 71 37 30 95 65 46 14 43 35 48 98 94 81 39 68 76  4 57 82  1 63 43 98 78 61 71 87 84 95 63 10 63 78 34  8 96 14 81 75  4 69 76 51 59 14 27 88 24 88 32 17 26 17 69 59 25 85 16 65 59 49 93 30 82 39 91 19 76 96 66 42 13 51  2 
32 19 19 51 29 66 83  3  6 53 54 23 44 53 80 47 11 11  2 30 90 49 91 84 51 65 11 96 97 53 22 22 37 95 12 82 96 53 42 85 65 77 64 76 40 90  3 23 23 44 88 95 87 89  6 32 85 14 84 43 21 82 79 30 11 83 35 25 63 59 10 56 64 31  9  3 58 29 68 66 54 83 59 37 52 38 78 80 19 22 75 22 80 34 69 11 52 17 48 16 
33 68 66 55 83 61 92 80 40 85 66 98 78 62 42 52 82 36 98 73 64 66 17 87 82 45 96 12 58 63 94 60 83 46 88 49 31 21 50 68 64 74 75  8 77 42 48 51 13 23 28 92 56 71 88 34 47 36 23 44 77 79  3 13 98 81 92 52 23 31 21 94 16 87  9  2 72 97 76 45 11 18 71 98 13 64 55 38 27 83  4 49 90 50 30 66 13 51 19  6 
60 27 57 53 34 13 63 74 99 62 92 62 69 86 77 93 58  4 67 43 95 54 95 14 70 64 55 90 59 37 30 47 37 92 65  2 59 21 85 56 42  1 91 32 22 66 35 76  6 42 41 61  8 14 84 31 97 95 46 39 48 19 72 39 87 42 50 78 16 40 95 32 12 61 14 48 62 59 51 41 16  7 97  6 91 74  4 38 57 42 33 89 53 34 12 10 62 16  9  3 
Span: 5785

Total time: 800.473 sec
SD: 27.7518
