Tabutype: Swap Pair
Tabulist Size: 2000
Iteration Times:1000
Solution Num:50

Solution:
Max: 5527 min: 5495 avg: 5520.6
5527 5527 5527 5527 5527 5527 5527 5527 5527 5495 5527 5527 5527 5527 5495 5495 5527 5527 5527 5495 5527 5495 5495 5527 5495 5527 5527 5527 5527 5495 5527 5527 5527 5527 5527 5527 5527 5527 5495 5527 5527 5527 5527 5527 5527 5527 5527 5527 5527 5495 

Jobs:100 Machines:5
 8 71 34  7 49 83 86 74  6 29 97 28 39  4 79 54 46 44 11 19 13 25 31 55 52 12 59 26 69 98 79 64 95 75 99 42 27 65 61 43 88 69 30 81 44 55 42 26  8 67  1 66 79 86 45 54 40 74 62  7 42 57 61 68  4  4 61 21 27 84 98 79 48 21 82 10 52 66 38 60 85 85 89 80  6 67 74 55 33 82 91 79 47 59 84 50 87 97 93 73 
93 36 96  6 14 81 70 22 10 90 37 21 19 27 89 15 56 37 46 26 94 92 49 98 88 16 33 73 52 42  1 44 66 68 72 68 16 55 69 46  7 39 44 93 51 51 46 64 90 49 84  7 59 24 40 28  4 59 15  1 40 97 22 89 22 40 79 50 52 46 41 82 35 76 36 46 97 52 55 28 16 19  7 16 77 73 77 84 88 14 51 16 28 72 79 18 58 47 31 34 
 2 98 11  2 74 54 34 20 92 18  2 37 33 99 26 42 99 71 65 28 56 25 38 95 30 68 57 66 31 16 61 58 44  1 91 19 79 41  8 88 40 91 84  4 28 96 95 43 52 68  6 41 14 80 56 42  4 57 78 78 30 38 83 20 83 92 33 96 51 37 59 65 96 84 55  1 12 20  7 16 62 36 61 75 62 57 81 89  4 82 76 57  9 98 30 67 76 85 35  8 
92 62 33  9 47 87 12 76  4  3  7 80  6 54 64 77 65 54 90 73 82 20 69 56  3 84 38 67 18 67 81 43 21 91 45 53 91 98 63  9 42 90 95 52 55 32 26 25 26 33 96 95 39 56 90 28 92 11 94 24 63 46 47 50 97 89 97 16 34 86 12 56 49 49 67 54  8 22 50 70 63 64 62 87 84 18 80 10 90 22 45 31 53  1 25 89  5 46  3 62 
88 43  8 39 98 14 98  6 44 22 87 90 37 97 98 70 95 35 98 20 94 68 17 50 96 55 89 46 80 92 63 12 84 84 85 64 17 94 62  5 69 70 41 16 16 56 55 36  3 62 77 52 86 82 11 45 40 76 15 54 89 34 49 99 50 84 89 55 51 60 70 47 48 18 42 33 35 79 61 36 37 47 84 63 85 41  7  1  6 59 56 45 49 12 49  6  7  5 73 10 
Span: 5495

Total time: 508.316 sec
SD: 12.93
