Tabutype: Swap Pair
Tabulist Size: 600
Iteration Times:1000
Solution Num:50

Solution:
Max: 2742 min: 2724 avg: 2729.94
2729 2724 2724 2729 2729 2729 2742 2742 2729 2729 2742 2729 2729 2729 2729 2729 2724 2729 2729 2729 2729 2729 2724 2724 2729 2729 2729 2742 2729 2729 2724 2724 2729 2729 2735 2729 2729 2729 2729 2729 2729 2729 2729 2724 2729 2724 2724 2742 2742 2742 

Jobs:50 Machines:5
17 14 47  6 50  4 20 80 30 83 99 11 58 89 13 26 87 30 24 10 84 13 23 38 43 46  4 21 30 86 78 75 50 81 93 88 41 68 83 76 93 70 46 69 72 67 88 89 67 18 
 8 30  4 45 49 27 98 46 29 95 94 95 12  2 25 10 37 82 52 35 65 20 41 92 12 32 50 20 15 71 42 26 84 75 59 39 49 94 65 45 58 62 80 17 44 62 33 29 14 30 
38 98 93 61 80 91 11 93  1 81  4 92  5 39 92 45  4 87 79 60 77 17 25 16 45 34 47 91 45 13 67 48 50 89  5 46 72 55 90 47 14 94 91 98 11 28 92 23 25 65 
46 15 97 77  4 66 70  6 81 28 96 14 64 36  4 15 67 46 75 62 97 18 60 16 54  7 73 70 87 13 89 26 33 77 21 97 93 28 19 28 73 32 54 20 25 16 24 21 44  7 
79 26 87 29 36 14 21 65 18 38 97 57 46 22  9 91 94 31 25 10 85 86 93 76 79 50  8 58  2 17 85 77 10 24 55 15 29 93  2 18 42 39 58 73 39 27  5 46 10 18 
Span: 2724

Total time: 76.7142 sec
SD: 5.3924
