Tabutype: Swap Pair
Tabulist Size: 300
Iteration Times:1000
Solution Num:50

Solution:
Max: 3096 min: 3042 avg: 3059.34
3046 3053 3056 3057 3047 3053 3046 3064 3063 3063 3046 3086 3053 3063 3057 3049 3048 3078 3063 3063 3048 3063 3056 3061 3061 3053 3045 3053 3063 3072 3055 3048 3062 3063 3063 3069 3065 3063 3063 3050 3042 3065 3096 3063 3063 3065 3063 3061 3063 3056 

Jobs:50 Machines:10
13  2 24 53 26 63 16 38 75 19 42 45 79 32 19  8 85  7 52 44 85 61 66 84 49 23 12 11 47 69  2 46 73 95 85 76 98 44 10 97 90 73 85 88  7 61 24 19 44 58 
26 10 90 37 22 63 50 42 59  4 56 25 51 25 53 69 11 96 87  4 63 35 64 81  2 99  7 85 40 94 74 61 15 16 93 30  4 28 93 73 87 71 94 56 55 36 40 66 96 67 
11 87 56  2 39 69 76 23 43 36  9 85 58 41 82 32 11 67  1 88 88 35 48 64 69 49 90 61 53 24 28  3  7 96  3 71 53 58 71 33 96 38 64 17 32 26 91 25 10 83 
39 65 51  2 77 78 18 41 19 47 69 57 21 91 31 39 87 68 24 22 59  6 63 36 91 29 49 57 63 43 37 51 54 11 24 67 56 50 51 69 31 12 21 75 10 87 92 62  4 15 
97 91 34 44 31 33 93 10 36 77 59 47 42 24 94 82  3 36 16 58 38 71 88 11 51 48 86 44 99 54  3 37 49 41 44  6 69 94 14 94 94  7 72 37 87 62 98 66 25 78 
27 44 39 25 73 91 24  2 62 82 27 75 68 15 98  1 40 33 93 99 43 43 74 91 28 62 52  6 83 35 11 79  8 78 36 90 60 34 44 37  3 66 76 30 99 62 60 11 76 16 
71  3 19 97 46 52  5 54 78 29 92 38 38 87 67 95 61  8 87  7 94 23 66 77 67  6 82 85  8 37 11 83 57  7 85 57 49 23 67 86 65 48 97 27 95 22 72  4 76 46 
42 98 82 92  3 47 94 80 68 14 41 25 99 59 95 47 86 89 29 39 90 61 47 11 74 30 55 72 55 24 28 22 98 26 74 57  8 80 55 98  5 69 33 66 75 38 47 26 36 41 
22 23 58 16 43 93 87 53 20 65 94 94 75 54 33 41 59 22 92 62 66 81  2 88 39 32 12 36 14 81 93 27 40 91 27 34 79 37 41 18 77 51 56 78 15 30 30  2  5  1 
82 32 23 62 57 40 10 34 50 91 81 66 39 39 94 93 38 62 47 90 26 81 93 54 22 84 59 11 97 87 49 24  2 64 51 81 23 24 46 41 27 23 68 11 12 21 11 34 22 10 
Span: 3042

Total time: 107.54 sec
SD: 10.129
