Tabutype: Swap Pair
Tabulist Size: 100 ~ 600
Iteration Times:1000
Solution Num:50

Solution:
Max: 2745 min: 2724 avg: 2729.04
2729 2729 2729 2724 2742 2724 2729 2729 2724 2729 2729 2729 2729 2729 2729 2729 2729 2729 2724 2729 2724 2724 2724 2729 2729 2729 2729 2729 2729 2729 2742 2729 2729 2729 2729 2729 2729 2729 2729 2729 2729 2729 2729 2729 2729 2724 2745 2729 2729 2729 

Jobs:50 Machines:5
17 10 58  4 80 38 43  6 46 13 88 23 20 30 47 11 81 26 69 67 21 99 50 75  4 76 24 13 68 30 70 87 46 67 14 72 93 84 93 50 88 30 78 83 89 41 83 86 89 18 
 8 35 12 27 46 92 12 45 32 20 33 41 98 15  4 95 75 10 17 14 20 94 84 26 50 45 52 25 94 29 62 37 80 62 30 44 58 65 59 49 39 82 42 95 29 49 65 71  2 30 
38 60  5 91 93 16 45 61 34 17 92 25 11 45 93 92 89 45 98 25 91  4 50 48 47 47 79 92 55  1 94  4 91 28 98 11 14 77  5 80 46 87 67 81 23 72 90 13 39 65 
46 62 64 66  6 16 54 77  7 18 24 60 70 87 97 14 77 15 20 44 70 96 33 26 73 28 75  4 28 81 32 67 54 16 15 25 73 97 21  4 97 46 89 28 21 93 19 13 36  7 
79 10 46 14 65 76 79 29 50 86  5 93 21  2 87 57 24 91 73 10 58 97 10 77  8 18 25  9 93 18 39 94 58 27 26 39 42 85 55 36 15 31 85 38 46 29  2 17 22 18 
Span: 2724

Total time: 72.6092 sec
SD: 4.02523
