Tabutype: Swap Pair
Tabulist Size: 600
Iteration Times:1000
Solution Num:50

Solution:
Max: 3108 min: 3046 avg: 3065
3046 3056 3063 3054 3063 3078 3063 3050 3063 3063 3075 3072 3083 3070 3064 3063 3063 3053 3063 3063 3063 3068 3050 3051 3069 3063 3073 3063 3080 3068 3061 3053 3063 3049 3073 3108 3063 3063 3080 3070 3096 3052 3065 3052 3074 3056 3065 3072 3056 3063 

Jobs:50 Machines:10
13 38 19 16 32  2 53 76  7  2 79  8 52 26 73 12 61 42 85 44 19 23 85 63 85 84 69 47 49 44 19 11 45 85 98  7 88 75 97 95 10 46 73 24 66 90 24 44 61 58 
26 42  4 50 25 74 37 30 55 10 51 69 87 22 15  7 35 56 11  4 53 99 93 63 63 81 94 40  2 28 66 85 25 94  4 96 56 59 73 16 93 61 71 40 64 87 90 96 36 67 
11 23 36 76 41 28  2 71 32 87 58 32  1 39  7 90 35  9 11 88 82 49  3 69 88 64 24 53 69 58 25 61 85 64 53 67 17 43 33 96 71  3 38 91 48 96 56 10 26 83 
39 41 47 18 91 37  2 67 10 65 21 39 24 77 54 49  6 69 87 22 31 29 24 78 59 36 43 63 91 50 62 57 57 21 56 68 75 19 69 11 51 51 12 92 63 31 51  4 87 15 
97 10 77 93 24  3 44  6 87 91 42 82 16 31 49 86 71 59  3 58 94 48 44 33 38 11 54 99 51 94 66 44 47 72 69 36 37 36 94 41 14 37  7 98 88 94 34 25 62 78 
27  2 82 24 15 11 25 90 99 44 68  1 93 73  8 52 43 27 40 99 98 62 36 91 43 91 35 83 28 34 11  6 75 76 60 33 30 62 37 78 44 79 66 60 74  3 39 76 62 16 
71 54 29  5 87 11 97 57 95  3 38 95 87 46 57 82 23 92 61  7 67  6 85 52 94 77 37  8 67 23  4 85 38 97 49  8 27 78 86  7 67 83 48 72 66 65 19 76 22 46 
42 80 14 94 59 28 92 57 75 98 99 47 29  3 98 55 61 41 86 39 95 30 74 47 90 11 24 55 74 80 26 72 25 33  8 89 66 68 98 26 55 22 69 47 47  5 82 36 38 41 
22 53 65 87 54 93 16 34 15 23 75 41 92 43 40 12 81 94 59 62 33 32 27 93 66 88 81 14 39 37  2 36 94 56 79 22 78 20 18 91 41 27 51 30  2 77 58  5 30  1 
82 34 91 10 39 49 62 81 12 32 39 93 47 57  2 59 81 81 38 90 94 84 51 40 26 54 87 97 22 24 34 11 66 68 23 62 11 50 41 64 46 24 23 11 93 27 23 22 21 10 
Span: 3046

Total time: 117.609 sec
SD: 11.5864
