Tabutype: Swap Pair
Tabulist Size: 300
Iteration Times:1000
Solution Num:50

Solution:
Max: 2752 min: 2724 avg: 2730.04
2729 2729 2729 2729 2742 2724 2729 2724 2729 2735 2724 2729 2729 2729 2724 2724 2742 2724 2729 2735 2729 2745 2729 2724 2729 2729 2729 2729 2729 2724 2724 2724 2729 2729 2729 2729 2729 2729 2729 2752 2729 2729 2729 2742 2745 2724 2735 2724 2729 2729 

Jobs:50 Machines:5
17 21  4 84 50 20 83 13 93 43 13 14 99 47 69 30  4 88 70 30 11 23 76 46 93 46 78 30 89 67 58 26 81 80 68 87 41 24 75 38 88 10  6 83 86 67 50 72 89 18 
 8 20 27 65 49 98 65 25 58 12 20 30 94  4 17 29 50 39 62 82 95 41 45 80 59 32 42 15 29 62 12 10 75 46 94 37 49 52 26 92 33 35 45 95 71 14 84 44  2 30 
38 91 91 77 80 11 90 92 14 45 17 98  4 93 98  1 47 46 94 87 92 25 47 91  5 34 67 45 23 28  5 45 89 93 55  4 72 79 48 16 92 60 61 81 13 25 50 11 39 65 
46 70 66 97  4 70 19  4 73 54 18 15 96 97 20 81 73 97 32 46 14 60 28 54 21  7 89 87 21 16 64 15 77  6 28 67 93 75 26 16 24 62 77 28 13 44 33 25 36  7 
79 58 14 85 36 21  2  9 42 79 86 26 97 87 73 18  8 15 39 31 57 93 18 58 55 50 85  2 46 27 46 91 24 65 93 94 29 25 77 76  5 10 29 38 17 10 10 39 22 18 
Span: 2724

Total time: 66.9236 sec
SD: 6.23014
