Tabutype: Swap Pair
Tabulist Size: 100
Iteration Times:1000
Solution Num:50

Solution:
Max: 2752 min: 2724 avg: 2735.9
2729 2729 2742 2729 2729 2729 2742 2735 2724 2729 2735 2735 2729 2729 2729 2735 2729 2752 2729 2729 2752 2735 2735 2745 2729 2752 2752 2729 2729 2735 2729 2735 2752 2752 2752 2752 2729 2729 2745 2745 2745 2735 2745 2729 2729 2729 2735 2729 2729 2729 

Jobs:50 Machines:5
17  4 76 75 21 50 14 13 86  4 43 47 83 30 88 20 26 84 24 93 41 38 67 46  6 67 72 50 80 30 23 78 11 93 58 13 10 68 87 30 46 83 70 99 69 81 88 89 89 18 
 8 27 45 26 20 84 30 20 71 50 12  4 65 82 39 98 10 65 52 59 49 92 62 32 45 14 44 49 46 29 41 42 95 58 12 25 35 94 37 15 80 95 62 94 17 75 33 29  2 30 
38 91 47 48 91 50 98 17 13 47 45 93 90 87 46 11 45 77 79  5 72 16 28 34 61 25 11 80 93  1 25 67 92 14  5 92 60 55  4 45 91 81 94  4 98 89 92 23 39 65 
46 66 28 26 70 33 15 18 13 73 54 97 19 46 97 70 15 97 75 21 93 16 16  7 77 44 25  4  6 81 60 89 14 73 64  4 62 28 67 87 54 28 32 96 20 77 24 21 36  7 
79 14 18 77 58 10 26 86 17  8 79 87  2 31 15 21 91 85 25 55 29 76 27 50 29 10 39 36 65 18 93 85 57 42 46  9 10 93 94  2 58 38 39 97 73 24  5 46 22 18 
Span: 2724

Total time: 54.4123 sec
SD: 8.86923
