Tabutype: Swap Pair
Tabulist Size: 2000
Iteration Times:1000
Solution Num:50

Solution:
Max: 5912 min: 5784 avg: 5817.02
5822 5813 5813 5784 5811 5794 5802 5790 5836 5799 5839 5826 5804 5855 5839 5863 5812 5863 5852 5808 5800 5836 5795 5798 5811 5836 5806 5785 5811 5799 5836 5804 5812 5799 5800 5806 5851 5815 5836 5784 5799 5912 5836 5798 5839 5800 5831 5800 5791 5800 

Jobs:100 Machines:10
 7 33 31  4 24 18 60 82 40 46 57 33  2 18 20 83  2 63 14 49 99  5 15 12 93 71 50 73 28 89 93 10 51 47 60 68  4 75 99 33 21  6 68 53  8 95 96 17 55 21 71 24 58 41 78 75 91 90 53  4 44 52 52 37 91 98 53 42 41 44 17 28 86 62 57 95 55 75 59 80 82 74 69  4 42 89 97 98 95 37 91 98 97 46 84 85 70 34 80 14 
49  2  8 19 71 21 29 17 53 74 23 36 13 76 59 20 66 16 66 56 21  3 96 81 72 11 69  5 35 62 66 36 67 55  9 65 71 56 26 52 31 62 26 95 90 21 35 86 28 48  5 68 41 81 47 95 59 47 76 80 34 82 95 66 24 82 32 79 78 46 67 16 63 37 26 65 76 53 73 12 36 53 46 93 93 40 61 76 67 48 86 85  6 27 87 30 66 24 37 24 
 6 10 15 38 28 54 85 55 33 26 59 23 92 55  8 14 70 94 53 92 15 24 65 20 96 10 93 75 39 44 17 76 84 76  8 85 55 30 34 39 66 67 76 25 67 55 56 19 88 66 10 65 81 41 91 35  8 12 47 27 83 63 77 61 78 42 84 59 29 21 96 74 24 38 14 58 97 60 75 86 10 18 89 23 56 78 41 85 76  9 27 60 72 77 30 20 62  7 18 79 
30 38  5 68 67 83 39 33 74 37 45 62 32 21 64 89 62 22 31 86 68 70 49 14 50 97 53  9 32 28 38 78 90 88 12 60 84 89  6 85 57 27 22 78  1 21 33  2 46 47 58 56 96 83 93 32 78 36 48  7 75 79 29 56 17 87 14 93 29  8 71 12 34 98 49 21 89 45 84 19 98 82 24 22 65 37 77 44 24 57 24 14 89 52 26 99 55 43 50 25 
 4 59 55 43 10 32 30 39 46 57 78 22 71 64 30 49 21 96 98 95 22 31 77 69 58 70  7  2 33 80 96 98 83 79 10 14 93 31  3 77 84 34 73  4 85 13 86 30 14 82  9 14 43 87 45 77 81 32 66 76  3 80 25 21 68 85 77 64 77 17 11 59 35 93 60 67 19 95 46 59 88 11 50 76 10 82 48  1 93 75 91 72 33  5 72 70 57 65 70 25 
92 93 20 72 48 36 64 69 17 98 93 26 48 97 95 25 36 54 97 61 46 65 81 62 24 92 27 74 45 26 51 96 79 36 13 57 66  3 67 31 98 67 56 72 77 19 67 85 82 30 25 44 63 29 73 62 18 61 38 35 43 53 75  3 39 88 80 99 14 88 27 98 39 65 21  9 55 44 77 90 38 81 25 46 72 34 31 96 29 93 51 30 48 90 42 94 77 75 15 79 
90 55 56 22 38 97 71  4 48 59 88 14 98 46 16 95 44 27 61 76 95 52 56 81 85 19 69 78 32  3 91 10 43 59 65  4 82 43 93 74 34 73 65 49 35 90 96 52 17 13 50 39 75 37 42 82 19 96 65 57 84 71 30 53 76 87 26 59 14 22 16 30 98 69 88 14 63 63 27 68  8 39 49 81 51 35 17 88 26 94 24 25  1 66 78 76 63 13 51  2 
32 19 19 51 30 49 11 64 82 38 54 37 96 22 83 53 29  3 88 77  6 66 23 42 59 47 35 44  3 90 22 85 95 59 22 83 40 23 80 44 43 65 52 80 12 53 69  6 58 11 51 85 11 96 52 22 80 82 53 76 89 95 19 91 25 87 11 54 10 84 37 97 23 66  9 79 14  3 56 65 21 75 78 30 63  2 68 64 29 53 31 83 90 11 84 34 32 17 48 16 
33 68 66 55 73 66 96 75 49 64 66 83 31 60 92 63 83 80 28 74 88 61 98 50 71 52 92 23  2 64 49 47 46 31 94 81 77 51 38 78 44 45 13 42 88 62 30 40 72 36 82 68 98 12 13 83 90 79 85  8 71 92 27 17 52 56 82 11 21 87 98 58 13 45  9  3 36 48 94 64 77  4 55 13 23 98 76 16 97 21 87 18 42 66 23 50 34 51 19  6 
60 27 57 53 43 54 55 91  2 74 92 37 59 47 63 37 34 74 41  1 84 13 62 85 97 93 50 42 48 95 89 97 92 40 30 42 22 76 38 69 39 64 91 77 65 86 12 99 62  4 70 56 87 90 62 42 53 19 62 32 14 61 57 95 78  8 58 16 95 14  6 59  6 41 14 72 95 35 32 42 48 33  4 39 16 67 51 12 59 21 61  7 66 10 46 34 31 16  9  3 
Span: 5784

Total time: 836.601 sec
SD: 25.2194
