Tabutype: Swap Pair
Tabulist Size: 1000
Iteration Times:1000
Solution Num:50

Solution:
Max: 5879 min: 5784 avg: 5825.82
5811 5799 5863 5874 5812 5822 5829 5837 5836 5836 5836 5795 5806 5812 5800 5839 5836 5863 5879 5841 5852 5872 5836 5825 5795 5790 5823 5784 5846 5811 5833 5821 5802 5840 5844 5811 5814 5799 5836 5819 5829 5835 5799 5800 5812 5802 5863 5848 5836 5788 

Jobs:100 Machines:10
 7 33  4 31  2  5 89 20 53  4 60 91  6 50 46 62 57 44 53 33 58 24 14 71 82  2  4 17 95 71 52 37 44 28 37 49 69  8 75 75 51 98 12 21 33 75  4 10 40 18 99 78 21 47 18 93 89 83 97 24 84 73 99 55 91 41 17 55 28 68 42 57 46 63 59 91 41 68 90 53 96 15 60 95 82 97 80 93 98 74 95 85 42 70 98 86 52 34 80 14 
49  2 19  8 66  3 40 59 32 80 29 59 62 69 74 37 23 46 76 52 41 68 66  5 17 13 71 86 21 11 82 66 34 16 48 56 46 90 56 95 67 76 81 31 36 53 93 36 53 21 26 47 48 55 76 66 62 20 61 71 87  5 21 28 86 81 67 76 35 26 93 26 27 16 73 24 78 65 47 95 35 96  9 65 36  6 12 72 82 53 67 30 79 66 85 63 95 24 37 24 
 6 10 38 15 70 24 78  8 84 27 85  8 67 93 26 38 59 21 47 39 81 65 53 10 55 92 55 19 55 10 63 61 83 74  9 92 89 67 30 35 84 85 20 66 23 60 23 76 33 54 34 91 66 76 55 17 44 14 41 28 30 75 15 88 27 41 96 97 39 76 56 14 77 94 75 78 29 85 12 25 56 65  8 58 10 72 86 96 42 18 76 20 59 62 60 24 77  7 18 79 
30 38 68  5 62 70 37 64 14  7 39 78 27 53 37 98 45  8 48 85 96 56 31 58 33 32 84  2 21 97 79 56 75 12 57 86 24  1 89 32 90 44 14 57 62 45 22 78 74 83  6 93 47 88 21 38 28 89 77 67 26  9 68 46 24 83 71 89 32 22 65 49 52 22 84 17 29 60 36 78 33 49 12 21 98 89 19 50 87 82 24 99 93 55 14 34 29 43 50 25 
 4 59 43 55 21 31 82 30 77 76 30 81 34  7 57 93 78 17 66 77 43 14 98  9 39 71 93 30 13 70 80 21  3 59 75 95 50 85 31 77 83  1 69 84 22 95 76 98 46 32  3 45 82 79 64 96 80 49 48 10 72  2 22 14 91 87 11 19 33 73 10 60  5 96 46 68 77 14 32  4 86 77 10 67 88 33 59 58 85 11 93 70 64 57 72 35 25 65 70 25 
92 93 72 20 36 65 34 95 80 35 64 18 67 27 98 65 93 88 38 31 63 44 97 25 69 48 66 85 19 92 53  3 43 98 93 61 25 77  3 62 79 96 62 98 26 44 46 96 17 36 67 73 30 36 97 51 26 25 31 48 42 74 46 82 51 29 27 55 45 56 72 21 90 54 77 39 14 57 61 72 67 81 13  9 38 48 90 24 88 81 29 94 99 77 30 39 75 75 15 79 
90 55 22 56 44 52 35 16 26 57 71 19 73 69 59 69 88 22 65 74 75 39 61 50  4 98 82 52 90 19 71 53 84 30 94 76 49 35 43 82 43 88 81 34 14 63 81 10 48 97 93 42 13 59 46 91  3 95 17 38 78 78 95 17 24 37 16 63 32 65 51 88 66 27 27 76 14  4 96 49 96 56 65 14  8  1 68 85 87 39 26 76 59 63 25 98 30 13 51  2 
32 19 51 19 29 66  2 83 11 76 11 80 65 35 38 66 54 84 53 44 11 85 88 51 64 96 40  6 53 47 95 91 89 97 53 77 78 12 23 22 95 64 42 43 37  3 30 85 82 49 80 52 11 59 22 22 90 53 68 30 84 44  6 58 31 96 37 14  3 52 63  9 11  3 56 25 10 83 82 80 69 23 22 79 21 90 65 59 87 75 29 34 54 32 83 23 19 17 48 16 
33 68 55 66 83 61 98 92 82  8 96 90 45 92 64 45 66 87 85 78 98 68 28 82 75 31 77 40 62 52 92 17 71 58 21 74 55 88 51 83 46 16 50 44 83 48 13 47 49 66 38 13 36 31 60 49 64 63 76 73 23 23 88 72 87 12 98 36  2 13 23  9 66 80 94 52 21 81 79 42 30 98 94  3 77 42 64 71 56  4 97 50 11 34 18 13 27 51 19  6 
60 27 53 57 34 13 67 63 58 32 55 53 64 50 74 41 92 14 62 69 87 56 41 70 91 59 22 99 86 93 61 95 14 59 21  1  4 65 76 42 92 12 85 39 37 35 39 97  2 54 38 62  4 40 47 89 95 37 51 43 46 42 84 62 61 90  6 95 48 91 16 14 10 74 32 78 95 42 19 77 12 62 30 72 48 66 42 97  8 33 59 34 16 31  7  6 57 16  9  3 
Span: 5784

Total time: 840.024 sec
SD: 23.8196
