Tabutype: Swap Pair
Tabulist Size: 500
Iteration Times:1000
Solution Num:50

Solution:
Max: 5546 min: 5495 avg: 5518.88
5527 5527 5495 5527 5527 5527 5495 5495 5527 5527 5501 5522 5495 5495 5527 5527 5517 5495 5527 5527 5495 5527 5495 5495 5527 5527 5527 5495 5527 5495 5527 5527 5527 5527 5527 5527 5527 5527 5546 5527 5527 5527 5527 5527 5527 5527 5495 5527 5527 5527 

Jobs:100 Machines:5
 4 64 66 10 21 47  7 13 86 42 85 79 30 26  4 21 82 69 95 75 46 26 65 44 68 80 61  6 84 28  8 62  1 42  4 59 38 89 39 74 98 52 29 60 31 79  7 57 48 97 25 59 61 67  8 88 49 66 83 86 40 12 27 99 91 11 52 43 55 33 54 44 67 19  6 71 79 85 74 42 55 81 50 74 79 55 61 87 84 79 27 54 69 98 82 45 34 97 93 73 
27 44 52 46 50 28  6 94 24 40 16 59 44 73 40 76 14 52 66 68 56 64 55 51 89 16 22 77 46 21 93 15 84 46 22 33 55  7 19 59 42 88 90 28 49 16  1 97 35 37 92 72 79 49 90  7 14  7 81 70  4 16 16 72 51 46 97 46 84 88 15 37 73 26 10 36 89 19 77 68 51 93 18 22  1 98 69 58 79 82 52 28 39 41 36 40 96 47 31 34 
99 58 20  1 96  9  2 56 80 30 62 14 84 66 92 84 82 31 44  1 99 43 41 28 20 75 83 62 37 37  2 78  6 95 83 57  7 61 33 57 16 30 18 16 38 57 78 38 96  2 25 98 33 68 52 40 74 41 54 34  4 68 79 91 76 65 12 88 89  4 42 71 57 28 92 98 26 36 81 19 96  4 67 20 61 95  8 76 30 65 51 42 91 59 55 56 11 85 35  8 
54 43 22 54 16 53  9 82 56 63 63 39 95 67 89 49 22 18 21 91 65 25 98 55 50 87 47 84 86 80 92 94 96 26 97 38 50 62  6 11 67  3  3 70 69 31 24 46 49  7 20  1 97 33 26 42 47 95 87 12 92 84 91 45 45 90  8  9 10 90 77 54 18 73  4 62 64 64 80 53 32 52 89 76 81 56 63  5 25 56 34 28 90 12 67 90 33 46  3 62 
97 12 79 33 55 49 39 94 82 89 37 86 41 46 84 18 59 80 84 84 95 36 94 16 99 63 49 85 60 90 88 15 77 55 50 89 61 84 37 76 92 96 22 36 17 45 54 34 48 87 68 12 89 62  3 69 98 52 14 98 40 55 17 85 56 98 35  5  1  6 70 35 41 20 44 43 98 47  7 64 56 16  6  6 63 50 62  7 49 47 51 45 70 70 42 11  8  5 73 10 
Span: 5495

Total time: 470.142 sec
SD: 14.3948
