Tabutype: Swap Pair
Tabulist Size: 100
Iteration Times:1000
Solution Num:50

Solution:
Max: 1297 min: 1278 avg: 1295.86
1297 1278 1297 1297 1297 1297 1297 1297 1297 1297 1297 1297 1297 1297 1297 1297 1297 1297 1297 1297 1297 1297 1278 1297 1297 1297 1297 1297 1297 1297 1297 1297 1297 1297 1297 1297 1297 1297 1297 1297 1297 1297 1297 1278 1297 1297 1297 1297 1297 1297 

Jobs:20 Machines:5
27 12 32 36 14 29 54 15 76 77 53 77 38 87 68 71 83 87 94 91 
 5 47 21 70 73 75 79 11  3 56 99 14 60 86  5 99  3 56 77 61 
57 63 26 45 63 41 16 49  7 89 60 47 23 75 77 15 89 64 40  1 
49 56 54 91 39 41 66 31 85 78 13 40 59 77 51 68 58 85 31  9 
69 47 58 35  8 49 58 20 86 53 53 87 41 18 68 85 56 13 28 72 
Span: 1278

Total time: 4.28343 sec
SD: 4.55806
