Tabutype: Swap Pair
Tabulist Size: 20 ~ 100
Iteration Times:1000
Solution Num:50

Solution:
Max: 2363 min: 2305 avg: 2324.96
2322 2336 2318 2314 2320 2327 2344 2324 2342 2327 2348 2324 2326 2320 2320 2318 2335 2314 2319 2313 2363 2322 2327 2319 2320 2325 2321 2305 2332 2325 2319 2331 2325 2335 2322 2326 2329 2312 2314 2326 2315 2325 2322 2350 2322 2331 2314 2321 2319 2320 

Jobs:20 Machines:20
39  1 84 48 46 48 66 68 92 78 93 50 87 90 34 81 27 43 65 39 
 2 93 13 38 83 97 84 57 52 77 12 78  1 56 43 73 66 65 39  9 
54 85 17 70 82 91 55 39 82 85  6 36 72 43 19 48 85 87  4 10 
41  4 29 21 33 63  4 53 18 45 43 85 19 88 98 99 53 80 31 60 
49 39 84 15 47 80 51 31 83 20 69  9 88 92 44  8 31 93 13 98 
57 80 69 33 68 81 22  9 28 61 37 75 74 64 95 41 26 36 96 96 
63 46 31 92 43 70 20 75 70 36 76 46 88 94 19 51 85 89 25  6 
47 28 83 98 90 10 80 46 46 65 75 73 22  3 73 82 36 61 59 56 
65 73 10 73 80  6  8  6 33 79 93 71 18 49 87 25 76 26 42 36 
 9  2  5 95 58 28  5 83 35 74  6  7 41 40 64 25 89  3 35 33 
21 64 84 79 10 77 65 37 80 79 93 49 35 49 18 55  1 85 46 15 
86 83 74 55 26 89 65 40 94 51 54  3 44 53  7 58 24 22 19 59 
89 17 79 59 81 92 11 53 23 55 13 60 41 88 26 16 55  2 97 15 
 1  3 24 94 73 12 43 89 58 25 55 12 71 47 17 16 91 67  1 46 
95 94 94 88 48 74 27 59 86 49 15 75 71 19 87 48 72 41 15 60 
51 38 37  1  1 19 34 80 57 98 31 31 72 61 32 69 32 66 62 47 
96 10 75 65 17 59 47 42 80  7 63 70 38 78  9 94 26  7 47 41 
85 62 16 38 68 74 64 37  9 65 38 20 97 78 26 62 11 50 39 38 
10 70 67 10 73 82 21 85 62 99 61 88 49 30 33  7 94  4 31 34 
84 17 60  8 75 57 83 30 65 89 90  9 19 41 34 55  3 74  2 22 
Span: 2305

Total time: 11.3648 sec
SD: 10.5598
