Tabutype: Swap Pair
Tabulist Size: 500 ~ 2000
Iteration Times:1000
Solution Num:50

Solution:
Max: 6467 min: 6358 avg: 6404.8
6374 6358 6382 6418 6405 6383 6409 6393 6409 6372 6391 6401 6384 6379 6467 6417 6366 6424 6437 6405 6389 6459 6396 6416 6407 6419 6408 6399 6425 6466 6443 6389 6437 6394 6425 6425 6381 6421 6410 6420 6418 6405 6375 6370 6386 6379 6383 6388 6414 6419 

Jobs:100 Machines:20
10 12  9 42 23 23 17  1 34 12 16 22 22  4 56  5 66 24 77 44 87 26 70 29 53 43 93  8  3 61 76 68 71 40 16 55 62 76 96 57  8 69 14 84 31 80 87 96 38 87 11 72 75 53 86 49 86 58 40 42 25 99 74 59 82 16  8 38 98 21 59 41 86 47 52 33 88 90 63 33 63 47 79 63 54 82 72 68 47 60 66 67 75 64 89 69 94 95 71  1 
 8 13 39 46  8 16 48  3 51 27 45  7 36 80 95  9 32 28 18 28 84 52 25 53 45 78 98 86 51 28 43 73 42  4 86  3 22 81 43 12 82 15 95 59 71 42 98 90 36 59 54 77 38 97 42 48 44  8 83 70 75  4 61 53 85 16 74 33 99 21 71 60 62 62 43 46 26 50 50 88 58 52 92 26  2 80 97 71 52 95 93  6 30 86 30 50 56 79 41 86 
41 20 46 13  7 70 53 68 72 24  5 47 76 77 37 59 22 92  7 94 24 63  8 68 23 43 60 41 82 70 87 17 10 16 55 89 48 42 26 94 78  2 45 99 46 64 25 67 59 20 82 25 87 84 56 72 11 16 82 89 71 32 55 40 18 58 89 40 38 20 88 96 12 99 24 66 23 65 63 10 42 91 87 88 89 72 57  3 95 65 10 23 69 42 67 72 74 14 56 34 
11 51 14 40 49 83 13 74 13 42 98 73 32  2 39 44 85  6 92 33 63 16  3 44 92 13 15 76 84 66 32 48  8 83 52 20 11 40 70 23 11 92 29 95 56 35 59 28 43  7 76  9 96 22  6 13 24 32 61 98 15 27 92 47 56 75  2 61 86 97 47 61  3 53 55 23 43 58 69 18  8 55 72 30  7 16 16 59 44 53 16 56 73 45 18 31 40 32  6 73 
23 37 85 33 70 11 27 63 95  5 63 60 47 29 22 54 28 88 25 64 94 24  3 47 73 41 42 94 73 78 47  7 20 21 97 22  7 45 17 59 53 39 55 85 43 79 70  1 74 60  1 88 93 21 14 72 35 94 68 76 14 38  4 90 43 47 15 27 94 17 48  3 49 68 65 90 54 59 16 38 10 46 97 17 54 15 42 98 30 74  4 60 44 94 91 94 67 25 18 60 
39 38 43 35 20 88 35 55 21 27 13 84 21 77  9 14 96 19 32 86 26 54 39 38 64 99 86  2 76 65 47 86 77  3 11  3 21 31 15 59 30 76 83 66  2  8 38 73  6 14 65 70 82 14 10 97 60 41 57 12 60  6 78 98 78 66 43 75  2 39 81 16 57 21 32 88 36 64  2 54  1 45 71 24 41 93 69 51 16 52 41 52 80  9 92  3 80 86  7 32 
19 74 15 54 30  8 15 11 46 51 64 54 84  3 26 47 21 97 33 41 20 58 85 22 31 79 51 67 15 38 52 35  2 41 48  2 88 65 56 88 75 11  8 74 79 51 77  5 59 48 99  5 50 50 45 69 61 43 48 71 23 86 88 56 96 15  3  9  7  1 16 60 50 81 83 94  1 78 48 83 39 38 59 74 29 67  9  8 52 37 73 59 96 14 49 71 42 20 11 32 
89 66 42 45  5 92 51 26 97 48 79 59 72 73 21 76 18 32 65 93  7 29 66 73 44 83 23 51 80 12 40 64 18 88 92 96 20 39 35 81 31 30 77  2 19 26 70 92 37 99 10 82 11 38 25 79 76 23 34 61 92 61 91 36 13 95 31 35 82  7 19 14 49 47 82  2 87 53 57 99 97 19 24 74  5 58 44 60 45 10 92 91 65 90 35 30 83 54 22 25 
64 32  7 28 77 39 30 67 96 42 94 43 55 83 26 47  2  4 18 52 51 90 26 31 60 39 88 51 12 82 36 29 69 85 74 92 57 18 88  7 23 23 74 95 76 82 43 10 53 31 27 79 29 91 48 91 35 64 20 62 12 25  7 61 86 18 20 80 19 27 12 80 50 95 30 76 76 70 70 78  8 69 37 92 17 14 18 91 18 50 80 55 85 18 90 64  2 95 36 54 
65 21 60 26 99 60 16 84 61 31 53 92 37 89 78  5 74 76 52 39 18 17 57 78 38 56 87 25  7 34 20 95 75 65 97 79  6 79 78  3 22 71 32 99 40 22 93 16 57 72  8  5 55 69 69 65 82 75 11 58 54  8 11 39 60 23 70 38  1 53 41 33 86 81 62 79 36 47 77  2 86 29 89 79 15 80 49 48 58 71 33 57 47 80 84 43 90 82  7 93 
11 49 40 15 87 92 10 86 99 48  5 18  7 87 30 75 36 41 43  3 52 23 49 43 40 78 28 51  9 51 48 90 56 82 71  7 84 29 12 28 62 94 80 28 64 27 24 42 46  7 30 54 97 48 87 72 51 75 15 73 26 34  6 69 44 35 34 91 63 43 21 86 33 66 69 21 70 27 30  4 33 79  2 73 16 34 92 78 12 57 98 36  8 22 69 85 25 30 66 71 
49 74 95 48 77 56 90 82 66 51  3 30 86 56 20 32  3 64 42 97 56 26  4 28 54 72 34 56 62 99 15  5 72 37 83 92 44 95 49  1 88 57 19 31 23 94 85  4 63 19 76 81 95 18 36 59 53 10 71 16 52 98 12 22 11 63 59 79 70 78 32 21 30 55  1 68  2 79  6 72 85 39 43 49 24 92 84 52 46 88 72  6 29 34 46 27 93 21 24 46 
46 25 67 72 97 97 54 58 75  8 86 51  8  8 87 57 17 99 82 68 39 82 56 33 10 81 24 46 76 38 82 90 73  2 93 75 52 37 40 33 37 66 60 34 30 94 53 26 23 87 15 62 31 46 76  4 54 81 29 97 42 22 97 30 68  4 72 32 57 91 72 14  3  5 81 25 93 80 46 43 55 16 88 73 69 77 37 81 56 79 48  4 60 25 97 97 15 13 75 86 
93 98  7 13 60 99 74 31 68  1 80 21 46 79 65 33 98 48 74 97 59 32 42 92  8 92 25  6 51 75 98  6 75 59 79 35 41 30 15  8 96 59 89 67 38 41 30 59 48  1 21 75 84 81 14 29 54 76 49 58 67 75 38 23 63 57 10 59 54 81 27 32 67  8 32 89 78 96 22 12 89 63 71 11 64  2 77 61 51 71  7  8  7 73 38  2 73  9 14  3 
 8 39  8 53 47 73 49 12 38  1 33 69 10 12 89 68 13  8 96 96 46  2 35 53 69  5 90 46 82 48 54 83 33 96 55 25 58  8 13 20 56 76 49 51 98 43 57 33  3 12 71 88 65 56 57 95 19  4 59 81 40 35 36 41 59 22 24 31 39 12 45 56 86 83 62 11 22 28 64 26 89 70 64 30 66 18 59 30 65 34 71 12 52  7 21 94  5 57 46 58 
22 94 21 34 93 87 14 84 51 28 82 71 79 80 54 20 55 64 75 66 87 43 19 96 51 69 62 42  6 97 84 98  6 65 98 44 69 15 60 41 35 53 45 26 14 78 52 69 30 70  9 41 31 90 77  4 30 18 44 78 10 85 18 23 46 99 58 54 46 18 56 67 67 97 80 99 27 59 45 22 50 30 17 20  5 88 81  9 81 54 10 81 29 51 63 15 29 79  6 51 
96 43 10 37 82 48 86 38 28  4 80 66 80 92 15 43 48 89 35 10 48 44 41  5 35 24 81 55 31 46 53 93 20 27 10 79 82  9 83 10 40 27 91  2 15 75 55 69 89 55 49 44 40  5 16 88 61 37 35 29 24 10 75 67 88 37 41 61 55 78 14 87 89  3 42 69 33 48 13 74  2 59 13  1 79 70 40 99  7  8 84 38 33 41 23 14 81  3 81 49 
63 29 38 39 81 81 22 93 99 44 14 73 77 36 67  7 70 64 83 68 36 82 87 18 69 87 69 76 38 47 44 58 25 29 84 89  4 79  6 82 38 18 78 69  8 33 70 84 15 60 45 73 36 16 42 57 46 84 28 63 24 40 68 85 66 51 32 27 65 53 56 81 84 12 58 51 73 14 62 61 15 57 94 81  3 58  6 88  9 10 11  1 84  3 73 27 64 81 17 61 
37 25 10 56 51 66 83 78 45  6 56 45 39 71 89 32 25 89 41 63 49 49 10 84 51 68 15 66  5 51 71 30 23 82  5 82 92 39  9 27 30 98  8 70 70 40 10  9 91 61 97 50 44 12 97  6 30 78 46 36 42 82 13 24 82 72 30 14 86  6 44 24 46 68 36 34 51 99  2  1 73 77 59  7 83 17 49 12 62 20 54 34 69  9 25 77 37  3 59  2 
32  3 93 80 58 89 49 61 59 57 45 90 25 85 13 49 96 99 45 58 97 34 94 88 71 77 74 47 69 81 92 43 34 30 97  4 41 73 70 64 24 50 28 21  2 93 70 81 53 69 36 50 93 49 78 41 55 78 57 54 20 25 77 37 18 43 63 34 51 12 52 39 15 75 12 60 78  2 37 37 71 64 23 79 74 13 88  4 46 64 28 22 33 50 31  3 45 38  3  3 
Span: 6358

Total time: 1512.14 sec
SD: 25.0249
