Tabutype: Swap Pair
Tabulist Size: 100 ~ 600
Iteration Times:1000
Solution Num:50

Solution:
Max: 3108 min: 3041 avg: 3064.98
3063 3053 3050 3054 3072 3082 3070 3053 3082 3063 3086 3078 3074 3063 3077 3067 3096 3046 3080 3063 3063 3057 3067 3063 3056 3077 3052 3063 3063 3073 3059 3070 3070 3054 3059 3061 3063 3041 3070 3066 3053 3063 3071 3063 3108 3063 3063 3048 3052 3046 

Jobs:50 Machines:10
13  2 38  2 53 26 79  8 32 19 42 44 49 61 63 11 52 47 85 73 46 45 23 85 16 75 12 19 69 85 10 66 84 44 88  7 95 97 98  7 90 76 24 85 61 73 24 19 44 58 
26 10 42 74 37 22 51 69 25 53 56  4  2 35 63 85 87 40 93 15 61 25 99 11 50 59  7  4 94 63 93 64 81 28 56 55 16 73  4 96 87 30 90 94 36 71 40 66 96 67 
11 87 23 28  2 39 58 32 41 82  9 88 69 35 69 61  1 53  3  7  3 85 49 11 76 43 90 36 24 88 71 48 64 58 17 32 96 33 53 67 96 71 56 64 26 38 91 25 10 83 
39 65 41 37  2 77 21 39 91 31 69 22 91  6 78 57 24 63 24 54 51 57 29 87 18 19 49 47 43 59 51 63 36 50 75 10 11 69 56 68 31 67 51 21 87 12 92 62  4 15 
97 91 10  3 44 31 42 82 24 94 59 58 51 71 33 44 16 99 44 49 37 47 48  3 93 36 86 77 54 38 14 88 11 94 37 87 41 94 69 36 94  6 34 72 62  7 98 66 25 78 
27 44  2 11 25 73 68  1 15 98 27 99 28 43 91  6 93 83 36  8 79 75 62 40 24 62 52 82 35 43 44 74 91 34 30 99 78 37 60 33  3 90 39 76 62 66 60 11 76 16 
71  3 54 11 97 46 38 95 87 67 92  7 67 23 52 85 87  8 85 57 83 38  6 61  5 78 82 29 37 94 67 66 77 23 27 95  7 86 49  8 65 57 19 97 22 48 72  4 76 46 
42 98 80 28 92  3 99 47 59 95 41 39 74 61 47 72 29 55 74 98 22 25 30 86 94 68 55 14 24 90 55 47 11 80 66 75 26 98  8 89  5 57 82 33 38 69 47 26 36 41 
22 23 53 93 16 43 75 41 54 33 94 62 39 81 93 36 92 14 27 40 27 94 32 59 87 20 12 65 81 66 41  2 88 37 78 15 91 18 79 22 77 34 58 56 30 51 30  2  5  1 
82 32 34 49 62 57 39 93 39 94 81 90 22 81 40 11 47 97 51  2 24 66 84 38 10 50 59 91 87 26 46 93 54 24 11 12 64 41 23 62 27 81 23 68 21 23 11 34 22 10 
Span: 3041

Total time: 113.514 sec
SD: 12.7447
