Tabutype: Swap Pair
Tabulist Size: 20 ~ 100
Iteration Times:1000
Solution Num:50

Solution:
Max: 1614 min: 1585 avg: 1599.52
1585 1610 1604 1604 1604 1609 1594 1603 1593 1591 1601 1607 1599 1596 1606 1590 1595 1597 1593 1605 1598 1600 1592 1594 1605 1593 1603 1598 1586 1595 1607 1598 1586 1600 1601 1610 1605 1606 1611 1593 1614 1605 1598 1598 1600 1607 1603 1596 1592 1596 

Jobs:20 Machines:10
22 21 31 44 37 66  4 21 58 83 97 61 28 99 94 94 83 58 74  6 
15 34 54 41 88 42 61  3 27 87 70 98 76 49 76 43 72 64 28 79 
34  7 46 87  7 26 13 52 56 98  7 60 32 36 23 36 48 32 89 85 
10 76 79 48 24 77 58 88 26 47 95 26 98 85 19 78 55 29 60 90 
39 70 16 11  5 30 57 66 12 84 68 41 82 58 23 58 31 99 54  5 
74 57 51 19 79 40 97 11 54 77 54 36 53 24 53 86  3 65 92 56 
91 27 49 96 37 60 72  8 88  2 43 82 22 84 93 13 67 50  9 11 
28 95  6 61 38 75 28 18 25 18 57 90 51  4 69  5 80 84  4  4 
48 56 76 83 18 74 49 15 91 70 84 99 10 96 58 64 86 62 25 14 
 4 95 76 66 98 67 30 84  8 91 70 26 79 71 42 91 62  9 15  3 
Span: 1585

Total time: 6.39549 sec
SD: 6.85786
