Tabutype: Swap Pair
Tabulist Size: 1000
Iteration Times:1000
Solution Num:50

Solution:
Max: 5527 min: 5493 avg: 5518.64
5495 5527 5495 5495 5527 5500 5495 5527 5527 5527 5527 5527 5527 5527 5527 5527 5493 5527 5527 5527 5527 5527 5527 5527 5527 5495 5527 5495 5527 5527 5527 5495 5495 5527 5522 5527 5527 5527 5527 5495 5527 5527 5527 5527 5527 5527 5495 5527 5495 5527 

Jobs:100 Machines:5
 1 60 85 42 88 42 29 54 48 52 45  7 68 75 50  7 66 82 21 80 47  4 79  8 40  6  6 10 49 27 85 74 79 54 26 38 65 71 42  4 95 13  4 11 12 28 55 69 84 67 61 79 89 44  8 46 52 79 97 59 86 99 61 84 62 30 59 55 33 97 26 67 86 19 61 69 25 31 43 81 83 27 55 21 98 57 82 98 74 44 66 79 64 91 74 87 34 93 73 39 
84 28 16 46  7 40 90 15 35 88 40  1 89 68 18  6 52 36 50 16 28 40 16 93  4 10 77 46 14 52 19 59  1 28 64 55 55 36 68 22 66 94 27 46 16 21 84 39 79 49 79 89  7 37 90 56 97 59 47 72 24 72 69 46 15 44 33 51 88 37 73 73 70 26 22 52 92 49 46 93 81 16 98 76 42 97 14 41 22 51  7 82 44 51 77 58 96 31 34 19 
 6 16 62 95 40 30 18 42 96 30 56 78 20  1 67  2 20 55 96 75  9 92 57  2  4 92 62  1 74 51 36 57 61 42 43  7 41 98 19 83 44 56 99 65 68 37 89 91 30 68 33 26 61 71 52 99 12 14 85 98 80 91  8 37 78 84 57 96  4  2 66 57 34 28 83 31 25 38 88  4 54 79 95 84 16 38 82 59 20 28 41 65 58 76 81 76 11 35  8 33 
96 70 63 26 42 63  3 77 49  3 90 24 50 91 89  9 22 67 16 87 53 89 31 92 92  4 84 54 47 34 64 11 81 28 25 50 98 62 53 97 21 82 54 90 84 80 10 90 25 33 97 64 62 54 26 65  8 39 46  1 56 45 63 86 94 95 38 32 90  7 67 18 12 73 47 18 20 69  9 52 87 91 56 49 67 46 22 12 76 55 95 56 43 45 80  5 33  3 62  6 
77 36 37 55 69 89 22 70 48 96 11 54 99 84  6 39 79 42 55 63 49 84 45 88 40 44 85 33 98 51 47 76 63 45 36 61 94 43 64 50 84 94 97 98 55 90  1 70 49 62 89 98 84 35  3 95 35 86  5 12 82 85 62 60 15 41 89 56  6 87 46 41 98 20 49 80 68 17  5 16 14 17 50 18 92 34 59 70  6 16 52 47 12 56  7  7  8 73 10 37 
Span: 5493

Total time: 510.687 sec
SD: 14.0549
