Tabutype: Swap Pair
Tabulist Size: 100 ~ 600
Iteration Times:1000
Solution Num:50

Solution:
Max: 3989 min: 3928 avg: 3961.36
3970 3941 3968 3967 3989 3928 3967 3953 3961 3971 3954 3957 3974 3987 3975 3961 3955 3969 3969 3972 3969 3966 3947 3973 3965 3962 3938 3969 3969 3960 3962 3942 3967 3967 3939 3953 3971 3966 3978 3967 3946 3950 3946 3967 3949 3970 3940 3960 3977 3945 

Jobs:50 Machines:20
 2  4 12 28 28  4 57 53 89  2 46 96 20  4 71 89 41 53 62 60 91 34 44 68 55 52 21 98 95 37 40 14 95  8 95 44 97 73 86 75 84 80 33 59 51 98 83 85 37 42 
 4 17 60 24 55 90 21 15 71 14 99 91  7 75 58 10 97 31 18 47  5 82 24 52  6 63 91 41 93 74 68 18 17 75 99 53 49 33 93 70 80 46 78 82 57 33 50 98 42 69 
13 80 81 35 16 19 23 32 62 66 74 35 59 93 11 40 78 95 37  9 24 24 34 65 76 82 48 82 67 66 53 24 65 90 21 46  6  5 63 95 87 12  2 73 67 85 20 30 48 79 
71 86 29 71 28 47 31 96  5 66 21 59 49 53 41 36 61  8 21 55  3 17 68 95 62 16 86 81 72 53 26 76 67 56 26 76 56 36 66 66 37 27 47 36 26 52 69 76 93 46 
92 27 20 39 74 38 59 84 44 70 26 56  8 23 10 78 29 25 38  8 78  7 83 85 97 63 66 42 76 61 33 79 58 67 55 21 72 75 24 35 30 86 10 75 84 60 14 20  9 59 
55 19 85 28 88 12 66 65 10 53 15  8  6 60 81 76 41 15 54 76 24 55 65 77 67 94 27 41 96 18 76 55 96 30 34 47 92 23 17 62 18 77 91 10 14 39 93 85 56 89 
32  7 14 32 12 68 45 14 28 62 37 33 64 22 97 37 29 78 98 12 17 43 75 60 89 79 47 87 24 56 74 25 21  1 21  8 89  9 34 32 26 19 38 84 90 14 89 99 57 93 
84  2 39 67 46 36 57 49 58 31 68 78 30 45 96 78 77  5 83 88 70 33 56 29 27 22 24 83 50 82 22 21 71 89  6 48 86 62 38 55 50 52 93 98 49 85 53 44 65 24 
71 76 69 33 59 43 78 77 80 21 57 86 30 76 70 82 77  4 93 10 68 65  3 14 19 80 82 85 93 21 46 25 67 85 13 17 33  2 35 77 72 59 59 46 83 72 49 70 75 64 
93 30 30 10 14 32 84 77  9 98 22 81  4 95 43 98 48 55 32 79 31 39 14 25 34 96 91 87 58 11 73 64 11 31  3 66 95 22 96 57 70  5 45 88 60 77  7  1 10 50 
48 35 62 45 98 72 93 80 26 36 98 67 95 46 92 34 14 72 65 13 39 75 43 57 55 53 30 88 29  3 17 79  9 77 19 88 48 74 39 62 42 90 93 77 79 30 25 94 93 99 
66 85 64 48 82 61 98 81 25 97 46 18 92 44 63 96 31 20 36 36 65 69 44 75 67 54 51 29 24 81 56 97 27  3 67 38 61 26 51 77 15 90 73 38 21 31 27 96 72 25 
98 57 81 32 30 22 88 26  3 44 59 96 16 81 19 35 14 49 69 65 76 13 84  4 63 71 13 87 26 53 48  2 14 35 90 22  1 78 98 82 78 68 55 27 43 25 95 76 94 59 
82 52 71 38 17 96 34 56 50 61 95 19 90 63 75 10 17 56 97 59 52  4 39 30 73 27 24 37 85 39 65 46 16 43 93 65 76 14 91 63 51 66 42  8 88 74 69 88 51 49 
96 76 42  3 97 51 54 11 90 29 38 69 83 30 47  2 10 80 66 22 25 17 89 83 14 95 11 87 29 91 82 16 79 12 53 84 90 44 23 22 84 65 19 56 95 83 53 34 53 54 
40  6 11 30 58 82 43 23 51 88  6 80 32  3 11 85 68 19 49 59 66 64 85 19 65  3 31 96 59 75 52 22 37 23 80 53 77 37 22 32 48 11 52 21  9 44 35 64 63 78 
31  8 50  2 58 55 66 82 64 83 64 30 92 13 52 98 21 42 45 94 52 51 71 81 36 92 36 56 97 17 49  6  3 88 62 87 42 23 13 83 23 64 68 94 46 18 63 50 21 11 
77 40 96 73 72 79 44 98 82 28 88 90 33 48 98 47 76 66 66 31 61 75 68 27 45 80 87 12 71  4 13 60 98 51 38 85 74 83 49 34 19 66 13 77  9 78 92 16 23 55 
59 32 85 48 59 53 92 58 95 34 74 12 63 39 93 67 95 77 41 30 78 16 14 42 95 61  4  8 59 95  2  3 72 65 86 14 66 42  6 42 46 42 27 32 92  7 37 34 21 16 
22 99 55 43 62 19 39 62 70 41 84 53 60 35 87 97 51 57 54 40 13 91 56 57 64 74 61 90 97 33 91 47  6 76 38 62  1 37 89 31  9 10 62 48 14 69 50 12 16  4 
Span: 3928

Total time: 194.763 sec
SD: 13.0505
