Tabutype: Swap Pair
Tabulist Size: 100
Iteration Times:1000
Solution Num:50

Solution:
Max: 1624 min: 1586 avg: 1607.4
1614 1608 1608 1610 1613 1613 1609 1603 1616 1617 1617 1602 1608 1606 1616 1597 1617 1609 1586 1614 1607 1592 1599 1607 1605 1612 1599 1605 1624 1608 1617 1617 1593 1610 1604 1618 1596 1596 1596 1605 1595 1610 1604 1600 1614 1618 1621 1603 1612 1600 

Jobs:20 Machines:10
22 21 31 44 37 66  4 21 58 83 99 61 28 94 83 94 97 58 74  6 
15 34 54 41 88 42 61  3 27 87 49 98 76 43 72 76 70 64 28 79 
34  7 46 87  7 26 13 52 56 98 36 60 32 36 48 23  7 32 89 85 
10 76 79 48 24 77 58 88 26 47 85 26 98 78 55 19 95 29 60 90 
39 70 16 11  5 30 57 66 12 84 58 41 82 58 31 23 68 99 54  5 
74 57 51 19 79 40 97 11 54 77 24 36 53 86  3 53 54 65 92 56 
91 27 49 96 37 60 72  8 88  2 84 82 22 13 67 93 43 50  9 11 
28 95  6 61 38 75 28 18 25 18  4 90 51  5 80 69 57 84  4  4 
48 56 76 83 18 74 49 15 91 70 96 99 10 64 86 58 84 62 25 14 
 4 95 76 66 98 67 30 84  8 91 71 26 79 91 62 42 70  9 15  3 
Span: 1586

Total time: 6.80922 sec
SD: 8.41767
