Tabutype: Swap Pair
Tabulist Size: 20
Iteration Times:1000
Solution Num:50

Solution:
Max: 2351 min: 2297 avg: 2318.08
2342 2319 2308 2316 2313 2310 2315 2322 2305 2313 2306 2307 2347 2310 2317 2306 2303 2309 2322 2305 2351 2315 2315 2297 2343 2316 2310 2317 2309 2318 2311 2316 2313 2325 2317 2328 2306 2306 2318 2349 2306 2346 2310 2308 2317 2348 2317 2347 2318 2312 

Jobs:20 Machines:20
39  1 84 27 78 48 93 46 81 87 43 92 68 48 66 50 90 34 39 65 
 2 93 13 66 77 38 12 83 73  1 65 52 57 97 84 78 56 43  9 39 
54 85 17 85 85 70  6 82 48 72 87 82 39 91 55 36 43 19 10  4 
41  4 29 53 45 21 43 33 99 19 80 18 53 63  4 85 88 98 60 31 
49 39 84 31 20 15 69 47  8 88 93 83 31 80 51  9 92 44 98 13 
57 80 69 26 61 33 37 68 41 74 36 28  9 81 22 75 64 95 96 96 
63 46 31 85 36 92 76 43 51 88 89 70 75 70 20 46 94 19  6 25 
47 28 83 36 65 98 75 90 82 22 61 46 46 10 80 73  3 73 56 59 
65 73 10 76 79 73 93 80 25 18 26 33  6  6  8 71 49 87 36 42 
 9  2  5 89 74 95  6 58 25 41  3 35 83 28  5  7 40 64 33 35 
21 64 84  1 79 79 93 10 55 35 85 80 37 77 65 49 49 18 15 46 
86 83 74 24 51 55 54 26 58 44 22 94 40 89 65  3 53  7 59 19 
89 17 79 55 55 59 13 81 16 41  2 23 53 92 11 60 88 26 15 97 
 1  3 24 91 25 94 55 73 16 71 67 58 89 12 43 12 47 17 46  1 
95 94 94 72 49 88 15 48 48 71 41 86 59 74 27 75 19 87 60 15 
51 38 37 32 98  1 31  1 69 72 66 57 80 19 34 31 61 32 47 62 
96 10 75 26  7 65 63 17 94 38  7 80 42 59 47 70 78  9 41 47 
85 62 16 11 65 38 38 68 62 97 50  9 37 74 64 20 78 26 38 39 
10 70 67 94 99 10 61 73  7 49  4 62 85 82 21 88 30 33 34 31 
84 17 60  3 89  8 90 75 55 19 74 65 30 57 83  9 41 34 22  2 
Span: 2297

Total time: 10.84 sec
SD: 13.8988
