Tabutype: Swap Pair
Tabulist Size: 100
Iteration Times:1000
Solution Num:50

Solution:
Max: 2346 min: 2303 avg: 2326.74
2333 2346 2321 2322 2307 2316 2327 2336 2325 2335 2319 2337 2327 2313 2308 2336 2332 2331 2327 2334 2303 2332 2330 2321 2325 2329 2307 2331 2321 2336 2330 2333 2342 2335 2329 2329 2325 2312 2332 2333 2317 2337 2324 2330 2307 2330 2333 2328 2339 2325 

Jobs:20 Machines:20
39  1 84 27 78 48 93 68 46 90 48 81 92 43 66 50 87 39 34 65 
 2 93 13 66 77 38 12 57 83 56 97 73 52 65 84 78  1  9 43 39 
54 85 17 85 85 70  6 39 82 43 91 48 82 87 55 36 72 10 19  4 
41  4 29 53 45 21 43 53 33 88 63 99 18 80  4 85 19 60 98 31 
49 39 84 31 20 15 69 31 47 92 80  8 83 93 51  9 88 98 44 13 
57 80 69 26 61 33 37  9 68 64 81 41 28 36 22 75 74 96 95 96 
63 46 31 85 36 92 76 75 43 94 70 51 70 89 20 46 88  6 19 25 
47 28 83 36 65 98 75 46 90  3 10 82 46 61 80 73 22 56 73 59 
65 73 10 76 79 73 93  6 80 49  6 25 33 26  8 71 18 36 87 42 
 9  2  5 89 74 95  6 83 58 40 28 25 35  3  5  7 41 33 64 35 
21 64 84  1 79 79 93 37 10 49 77 55 80 85 65 49 35 15 18 46 
86 83 74 24 51 55 54 40 26 53 89 58 94 22 65  3 44 59  7 19 
89 17 79 55 55 59 13 53 81 88 92 16 23  2 11 60 41 15 26 97 
 1  3 24 91 25 94 55 89 73 47 12 16 58 67 43 12 71 46 17  1 
95 94 94 72 49 88 15 59 48 19 74 48 86 41 27 75 71 60 87 15 
51 38 37 32 98  1 31 80  1 61 19 69 57 66 34 31 72 47 32 62 
96 10 75 26  7 65 63 42 17 78 59 94 80  7 47 70 38 41  9 47 
85 62 16 11 65 38 38 37 68 78 74 62  9 50 64 20 97 38 26 39 
10 70 67 94 99 10 61 85 73 30 82  7 62  4 21 88 49 34 33 31 
84 17 60  3 89  8 90 30 75 41 57 55 65 74 83  9 19 22 34  2 
Span: 2303

Total time: 11.853 sec
SD: 9.73907
