Tabutype: Swap Pair
Tabulist Size: 300
Iteration Times:1000
Solution Num:50

Solution:
Max: 3976 min: 3927 avg: 3956.1
3951 3927 3940 3955 3943 3948 3932 3965 3949 3941 3941 3943 3958 3951 3962 3957 3961 3939 3947 3959 3943 3946 3969 3970 3955 3966 3971 3956 3966 3953 3946 3959 3956 3969 3961 3973 3971 3972 3953 3961 3966 3964 3970 3947 3976 3964 3952 3957 3959 3965 

Jobs:50 Machines:20
 2  4 12 34 14  8 89 60 91 20 71 62  2 28 28 52  4 44 44  4 95 37 53 89 96 55 46 40 57 98 53 98 51 41 95 86 33 73 95 75 59 97 21 68 84 83 85 80 37 42 
 4 17 60 82 18 75 71 47  5  7 58 18 14 24 55 63 90 24 53 75 93 74 31 10 91  6 99 68 21 33 15 41 57 97 99 93 78 33 17 70 82 49 91 52 80 50 98 46 42 69 
13 80 81 24 24 90 62  9 24 59 11 37 66 35 16 82 19 34 46 93 67 66 95 40 35 76 74 53 23 85 32 82 67 78 21 63  2  5 65 95 73  6 48 65 87 20 30 12 48 79 
71 86 29 17 76 56  5 55  3 49 41 21 66 71 28 16 47 68 76 53 72 53  8 36 59 62 21 26 31 52 96 81 26 61 26 66 47 36 67 66 36 56 86 95 37 69 76 27 93 46 
92 27 20  7 79 67 44  8 78  8 10 38 70 39 74 63 38 83 21 23 76 61 25 78 56 97 26 33 59 60 84 42 84 29 55 24 10 75 58 35 75 72 66 85 30 14 20 86  9 59 
55 19 85 55 55 30 10 76 24  6 81 54 53 28 88 94 12 65 47 60 96 18 15 76  8 67 15 76 66 39 65 41 14 41 34 17 91 23 96 62 10 92 27 77 18 93 85 77 56 89 
32  7 14 43 25  1 28 12 17 64 97 98 62 32 12 79 68 75  8 22 24 56 78 37 33 89 37 74 45 14 14 87 90 29 21 34 38  9 21 32 84 89 47 60 26 89 99 19 57 93 
84  2 39 33 21 89 58 88 70 30 96 83 31 67 46 22 36 56 48 45 50 82  5 78 78 27 68 22 57 85 49 83 49 77  6 38 93 62 71 55 98 86 24 29 50 53 44 52 65 24 
71 76 69 65 25 85 80 10 68 30 70 93 21 33 59 80 43  3 17 76 93 21  4 82 86 19 57 46 78 72 77 85 83 77 13 35 59  2 67 77 46 33 82 14 72 49 70 59 75 64 
93 30 30 39 64 31  9 79 31  4 43 32 98 10 14 96 32 14 66 95 58 11 55 98 81 34 22 73 84 77 77 87 60 48  3 96 45 22 11 57 88 95 91 25 70  7  1  5 10 50 
48 35 62 75 79 77 26 13 39 95 92 65 36 45 98 53 72 43 88 46 29  3 72 34 67 55 98 17 93 30 80 88 79 14 19 39 93 74  9 62 77 48 30 57 42 25 94 90 93 99 
66 85 64 69 97  3 25 36 65 92 63 36 97 48 82 54 61 44 38 44 24 81 20 96 18 67 46 56 98 31 81 29 21 31 67 51 73 26 27 77 38 61 51 75 15 27 96 90 72 25 
98 57 81 13  2 35  3 65 76 16 19 69 44 32 30 71 22 84 22 81 26 53 49 35 96 63 59 48 88 25 26 87 43 14 90 98 55 78 14 82 27  1 13  4 78 95 76 68 94 59 
82 52 71  4 46 43 50 59 52 90 75 97 61 38 17 27 96 39 65 63 85 39 56 10 19 73 95 65 34 74 56 37 88 17 93 91 42 14 16 63  8 76 24 30 51 69 88 66 51 49 
96 76 42 17 16 12 90 22 25 83 47 66 29  3 97 95 51 89 84 30 29 91 80  2 69 14 38 82 54 83 11 87 95 10 53 23 19 44 79 22 56 90 11 83 84 53 34 65 53 54 
40  6 11 64 22 23 51 59 66 32 11 49 88 30 58  3 82 85 53  3 59 75 19 85 80 65  6 52 43 44 23 96  9 68 80 22 52 37 37 32 21 77 31 19 48 35 64 11 63 78 
31  8 50 51  6 88 64 94 52 92 52 45 83  2 58 92 55 71 87 13 97 17 42 98 30 36 64 49 66 18 82 56 46 21 62 13 68 23  3 83 94 42 36 81 23 63 50 64 21 11 
77 40 96 75 60 51 82 31 61 33 98 66 28 73 72 80 79 68 85 48 71  4 66 47 90 45 88 13 44 78 98 12  9 76 38 49 13 83 98 34 77 74 87 27 19 92 16 66 23 55 
59 32 85 16  3 65 95 30 78 63 93 41 34 48 59 61 53 14 14 39 59 95 77 67 12 95 74  2 92  7 58  8 92 95 86  6 27 42 72 42 32 66  4 42 46 37 34 42 21 16 
22 99 55 91 47 76 70 40 13 60 87 54 41 43 62 74 19 56 62 35 97 33 57 97 53 64 84 91 39 69 62 90 14 51 38 89 62 37  6 31 48  1 61 57  9 50 12 10 16  4 
Span: 3927

Total time: 188.201 sec
SD: 11.3735
