Tabutype: Swap Pair
Tabulist Size: 20
Iteration Times:1000
Solution Num:50

Solution:
Max: 1600 min: 1583 avg: 1589.26
1597 1593 1588 1598 1586 1583 1586 1588 1583 1589 1586 1588 1586 1600 1591 1587 1588 1590 1593 1588 1583 1592 1594 1598 1583 1587 1593 1592 1590 1589 1588 1586 1583 1594 1593 1593 1586 1583 1592 1592 1583 1589 1583 1588 1583 1598 1583 1593 1593 1591 

Jobs:20 Machines:10
22 21 21 44 31 61 66 37 97 58  4 28 99 83 83 94 94 58  6 74 
15 34  3 41 54 98 42 88 70 27 61 76 49 87 72 76 43 64 79 28 
34  7 52 87 46 60 26  7  7 56 13 32 36 98 48 23 36 32 85 89 
10 76 88 48 79 26 77 24 95 26 58 98 85 47 55 19 78 29 90 60 
39 70 66 11 16 41 30  5 68 12 57 82 58 84 31 23 58 99  5 54 
74 57 11 19 51 36 40 79 54 54 97 53 24 77  3 53 86 65 56 92 
91 27  8 96 49 82 60 37 43 88 72 22 84  2 67 93 13 50 11  9 
28 95 18 61  6 90 75 38 57 25 28 51  4 18 80 69  5 84  4  4 
48 56 15 83 76 99 74 18 84 91 49 10 96 70 86 58 64 62 14 25 
 4 95 84 66 76 26 67 98 70  8 30 79 71 91 62 42 91  9  3 15 
Span: 1583

Total time: 5.77695 sec
SD: 4.65464
