Tabutype: Swap Pair
Tabulist Size: 500
Iteration Times:1000
Solution Num:50

Solution:
Max: 6470 min: 6348 avg: 6417.66
6469 6402 6400 6420 6436 6441 6433 6452 6436 6411 6395 6389 6424 6400 6393 6432 6445 6428 6387 6348 6397 6445 6434 6400 6410 6424 6392 6426 6428 6434 6455 6441 6403 6378 6413 6413 6470 6389 6410 6418 6404 6407 6398 6424 6423 6401 6399 6402 6464 6440 

Jobs:100 Machines:20
10 12 23  5 29 70  1 23 42  4 43 22 80 56 16 58 26  9 40 11 93 72 66 17 86 16 21 34 40 52 53 54 75 76 14 87 69 87 55  8 12 24 95 38 42 76  8 38 62 84 49 77 47 71 33 88 63 82 33 57  8 86 61 87 75 16 79 68 53  3 98 63 22 72 96 47 74 59 41 99 68 86 31 44 59 64 25 82 60 90 63 94 69 96 47 71 89 66 67  1 
 8 13  8  9 53 25  3 16 46 80 78  7 42 95 16  8 52 39  4 54 98 77 32 48 42 86 21 51 83 43 45  2 30 43 95 98 15 84  3 82 27 28 79 36 70 81 86 33 22 59 48 18 62 41 46 26 58 85 88 12 74 62 28 59 38 45 92 71 97 51 99 26 36 97 43 52 61 71 60  4 73 44 71 28 53 86 75 80 95 50 50 56 50 90 52 42 30 93  6 86 
41 20  7 59 68  8 68 70 13 77 43 47 64 37 58 16 63 46 16 82 60 25 22 53 56 55 20 72 82 24 23 89 69 87 45 25  2 24 89 78 24 92 14 59 89 42 41 40 48 99 72  7 99 56 66 23 42 18 10 94 89 12 70 20 87  5 87  3 84 82 38 88 76 57 26 91 55 88 96 32 17 11 46 94 40 42 71 72 65 65 63 74 72 67 95 10 67 10 23 34 
11 51 49 44 44  3 74 83 40  2 13 73 35 39 75 32 16 14 83 76 15  9 85 13  6 52 97 13 61 55 92  7 73 32 29 59 92 63 20 11 42  6 32 43 98 40 76 61 11 95 13 92 53  6 23 43  8 56 18 23  2  3 66  7 96 98 72 59 22 84 86 30 32 16 70 55 92 47 61 27 48 24 56 33 47 45 15 16 53 58 69 40 31 28 44  8 18 16 56 73 
23 37 70 54 47  3 63 11 33 29 41 60 79 22 47 94 24 85 21  1 42 88 28 27 14 97 17 95 68 65 73 54 44 47 55 70 39 94 22 53  5 88 25 74 76 45 94 27  7 85 72 25 68 18 90 54 10 43 38 59 15 49 78 60 93 63 97 98 21 73 94 17 47 42 17 46  4 48  3 38  7 35 43 64 90 94 14 15 74 59 16 67 94  1 30 20 91  4 60 60 
39 38 20 14 38 39 55 88 35 77 99 84  8  9 66 41 54 43  3 65 86 70 96 35 10 11 39 21 57 32 64 41 80 47 83 38 76 26  3 30 27 19 86  6 12 31  2 75 21 66 97 32 21  7 88 36  1 78 54 59 43 57 65 14 82 13 71 51 14 76  2 24 21 69 15 45 78 81 16  6 86 60  2 86 98  9 60 93 52 64  2 80  3 73 16 77 92 41 52 32 
19 74 30 47 22 85 11  8 54  3 79 54 51 26 15 43 58 15 41 99 51  5 21 15 45 48  1 46 48 83 31 29 96 52  8 77 11 20  2 75 51 97 20 59 71 65 67  9 88 74 69 33 81 11 94  1 39 96 83 88  3 50 38 48 50 64 59  8 50 15  7 74 84  9 56 38 88 16 60 86 35 61 79 41 56 14 23 67 37 78 48 42 71  5 52  2 49 73 59 32 
89 66  5 76 73 66 26 92 45 73 83 59 26 21 95 23 29 42 88 10 23 82 18 51 25 92  7 97 34 82 44  5 65 40 77 70 30  7 96 31 48 32 54 37 61 39 51 35 20  2 79 65 47 22  2 87 97 13 99 81 31 49 12 99 11 79 24 60 38 80 82 74 72 44 35 19 91 19 14 61 64 76 19 93 36 90 92 58 10 53 57 83 30 92 45 18 35 92 91 25 
64 32 77 47 31 26 67 39 28 83 39 43 82 26 18 64 90  7 85 27 88 79  2 30 48 74 27 96 20 30 60 17 85 36 74 43 23 51 92 23 42  4 95 53 62 18 51 80 57 95 91 18 95 36 76 76  8 86 78  7 20 50 82 31 29 94 37 91 91 12 19 92 55 18 88 69  7 12 80 25 29 35 76 52 61 18 12 14 50 70 70  2 64 10 18 69 90 80 55 54 
65 21 99  5 78 57 84 60 26 89 56 92 22 78 23 75 17 60 65  8 87  5 74 16 69 97 53 61 11 62 38 15 47 20 32 93 71 18 79 22 31 76 82 57 58 79 25 38  6 99 65 52 81  7 79 36 86 60  2  3 70 86 34 72 55 53 89 48 69  7  1 79 37 49 78 29 11 41 33  8 95 82 40 39 39 80 54 80 71 47 77 90 43 16 58 75 84 33 57 93 
11 49 87 75 43 49 86 92 15 87 78 18 27 30 35 75 23 40 82 30 28 54 36 10 87 71 43 99 15 69 40 16  8 48 80 24 94 52  7 62 48 41 30 46 73 29 51 91 84 28 72 43 66 66 21 70 33 44  4 28 34 33 51  7 97  5  2 78 48  9 63 73  7 92 12 79  6 21 86 34 90 51 64  3 69 22 26 34 57 27 30 25 85 42 12 56 69 98 36 71 
49 74 77 32 28  4 82 56 48 56 72 30 94 20 63 10 26 95 37 76 34 81  3 90 36 83 78 66 71  1 54 24 29 15 19 85 57 56 92 88 51 64 21 63 16 95 56 79 44 31 59 42 55 24 68  2 85 11 72  1 59 30 99 19 95  3 43 52 18 62 70 49 86 84 49 39 12 32 21 98  5 53 23 97 22 34 52 92 88 79  6 93 27  4 46 72 46 72  6 46 
46 25 97 57 33 56 58 97 72  8 81 51 94 87  4 81 82 67  2 15 24 62 17 54 76 93 91 75 29 81 10 69 60 82 60 53 66 39 75 37  8 99 13 23 97 37 46 32 52 34  4 82  5 75 25 93 55 68 43 33 72  3 38 87 31 86 88 81 46 76 57 73  8 37 40 16 97 72 14 22 90 54 30 68 30 25 42 77 79 80 46 15 97 26 56 73 97 48  4 86 
93 98 60 33 92 42 31 99 13 79 92 21 41 65 57 76 32  7 59 21 25 75 98 74 14 79 81 68 49 32  8 64  7 98 89 30 59 59 35 96  1 48  9 48 58 30  6 59 41 67 29 74  8 14 89 78 89 63 12  8 10 67 75  1 84 80 71 61 81 51 54 11 46 77 15 63 38 27 32 75  6 54 38 97 23 73 67  2 71 96 22 73  2 59 51 75 38  7  8  3 
 8 39 47 68 53 35 12 73 53 12  5 69 43 89 22  4  2  8 96 71 90 88 13 49 57 55 12 38 59 62 69 66 52 54 49 57 76 46 25 56  1  8 57  3 81  8 46 31 58 51 95 96 83 46 11 22 89 59 26 20 24 86 48 12 65 33 64 30 56 82 39 30 10 59 13 70 36 45 56 35 83 19 98 96 41  7 40 18 34 28 64  5 94 33 65 33 21 71 12 58 
22 94 93 20 96 19 84 87 34 80 69 71 78 54 99 18 43 21 65  9 62 41 55 14 77 98 18 51 44 80 51  5 29 84 45 52 53 87 44 35 28 64 79 30 78 15 42 54 69 26  4 75 97  6 99 27 50 46 22 41 58 67 97 70 31 82 17  9 90  6 46 20 79 81 60 30 18 56 67 85 98 30 14 66 23 51 10 88 54 59 45 29 15 69 81  6 63 10 81 51 
96 43 82 43  5 41 38 48 37 92 24 66 75 15 37 37 44 10 27 49 81 44 48 86 16 10 78 28 35 42 35 79 33 53 91 55 27 48 79 40  4 89  3 89 29  9 55 61 82  2 88 35  3 81 69 33  2 88 74 10 41 89 46 55 40 80 13 99  5 31 55  1 80 40 83 59 75 14 87 10 93 61 15 10 67 41 24 70  8 48 13 81 14 69  7 20 23 84 38 49 
63 29 81  7 18 87 93 81 39 36 87 73 33 67 51 84 82 38 29 45 69 73 70 22 42 84 53 99 28 58 69  3 84 44 78 70 18 36 89 38 44 64 81 15 63 79 76 27  4 69 57 83 12 17 51 73 15 66 61 82 32 84 47 60 36 14 94 88 16 38 65 81 77  6  6 57 68 56 81 40 58 46  8 68 85  3 24 58 10 14 62 64 27 84  9 25 73 11  1 61 
37 25 51 32 84 10 78 66 56 71 68 45 40 89 72 78 49 10 82 97 15 50 25 83 97  5  6 45 46 36 51 83 69 71  8 10 98 49 82 30  6 89  3 91 36 39 66 14 92 70  6 41 68 59 34 51 73 82  1 27 30 46 51 61 44 56 59 12 12  5 86  7 39 49  9 77 13 44 24 82 30 30 70 63 24  9 42 17 20 99  2 37 77  9 62 23 25 54 34  2 
32  3 58 49 88 94 61 89 80 85 77 90 93 13 43 78 34 93 30 36 74 50 96 49 78 97 12 59 57 12 71 74 33 92 28 70 50 97  4 24 57 99 38 53 54 73 47 34 41 21 41 45 75  3 60 78 71 18 37 64 63 15 81 69 93 45 23  4 49 69 51 79 25 88 70 64 77 52 39 25 43 55  2 58 37 50 20 13 64  2 37 45  3 81 46 34 31 28 22  3 
Span: 6348

Total time: 1467.44 sec
SD: 24.5943
