Tabutype: Swap Pair
Tabulist Size: 500 ~ 2000
Iteration Times:1000
Solution Num:50

Solution:
Max: 5876 min: 5786 avg: 5822.22
5800 5822 5800 5800 5809 5799 5793 5786 5800 5865 5807 5845 5876 5805 5837 5802 5872 5800 5804 5837 5848 5808 5872 5863 5819 5812 5794 5836 5798 5836 5837 5843 5843 5800 5832 5836 5808 5801 5826 5796 5799 5812 5836 5796 5872 5822 5816 5837 5815 5839 

Jobs:100 Machines:10
 7 33 60  4 44 33 60 31 46 15 99 12  5 28 33  4  4 58  2 28 42 93 34 53 91 20 71 18 37 44 89 52 41 24 53 97 17 73 24 68 83 55 91 75 46 90 14 57 10 84 62 69  2 47 71 50 93  6 89 40 78 37 75  8 51 95 52 82 98 86 59 49 42  4 21 55 91 95 97 99 63 53 68 98 95 82 80 41 75 85 17 96 70 74 80 18 21 98 57 14 
49  2  9 19 46 52 29  8 27 96 21 81  3 16 36 80 71 41 13 35 93 66 24 32 24 59  5 21 66 34 40 82 78 71 76  6 86  5 68 26 20 28 86 56 74 47 66 23 36 87 37 46 66 55 11 69 72 62 62 53 47 48 95 90 67 21 95 17 82 63 73 56 79 93 31 76 59 67 61 26 16 95 65 76 65 36 12 81 53 30 67 35 66 53 37 76 48 85 26 24 
 6 10  8 38 21 39 85 15 77 65 15 20 24 74 23 27 55 81 92 39 56 17  7 84 78  8 10 54 61 83 78 63 29 28 47 72 19 75 65 76 14 88 27 30 26 12 53 59 76 30 38 89 70 76 10 93 96 67 44 33 91  9 35 67 84 55 77 55 42 24 75 92 59 23 66 97  8 76 41 34 94 25 85 85 58 10 86 41 60 20 96 56 62 18 18 55 66 60 14 79 
30 38 12 68  8 85 39  5 52 49 68 14 70 12 62  7 84 96 32 32 65 38 43 14 17 64 58 83 56 75 37 79 29 67 48 89  2  9 56 22 89 46 24 89 37 36 31 45 78 26 98 24 62 88 97 53 50 27 28 74 93 57 32  1 90 21 29 33 87 34 84 86 93 22 57 89 78 24 77  6 22 78 60 44 21 98 19 83 45 99 71 33 55 82 50 21 47 14 49 25 
 4 59 10 43 17 77 30 55  5 77 22 69 31 59 22 76 93 43 71 33 10 96 65 77 68 30  9 32 21  3 82 80 77 10 66 33 30  2 14 73 49 14 91 31 57 32 98 78 98 72 93 50 21 79 70  7 58 34 80 46 45 75 77 85 83 13 25 39 85 35 46 95 64 76 84 19 81 93 48  3 96  4 14  1 67 88 59 87 95 70 11 86 57 11 70 64 82 72 60 25 
92 93 13 72 88 31 64 20 90 81 46 62 65 98 26 35 66 63 48 45 72 51 75 80 39 95 25 36  3 43 34 53 14 48 38 48 85 74 44 56 25 82 51  3 98 61 97 93 96 42 65 25 36 36 92 27 24 67 26 17 73 93 62 77 79 19 75 69 88 39 77 61 99 46 98 55 18 29 31 67 54 72 57 96  9 38 90 29 44 94 27 67 77 81 15 97 30 30 21 79 
90 55 65 22 22 74 71 56 66 56 95 81 52 30 14 57 82 75 98 32 51 91 13 26 76 16 50 97 53 84 35 71 14 38 65  1 52 78 39 65 95 17 24 43 59 96 61 88 10 78 69 49 44 59 19 69 85 73  3 48 42 94 82 35 43 90 30  4 87 98 27 76 59 81 34 63 19 26 17 93 27 49  4 88 14  8 68 37 63 76 16 96 63 39 51 46 13 25 88  2 
32 19 22 51 84 44 11 19 11 23  6 42 66 97 37 76 40 11 96  3 63 22 17 11 25 83 51 49 91 89  2 95 10 30 53 90  6 44 85 52 53 58 31 23 38 82 88 54 85 84 66 78 29 59 47 35 59 65 90 82 52 53 22 12 95 53 19 64 87 23 56 77 54 30 43 14 80 29 68 80  3 80 83 64 79 21 65 96  3 34 37 69 32 75 48 22 11 83  9 16 
33 68 94 55 87 78 96 66 66 98 88 50 61 58 83  8 77 98 31  2 23 49 51 82 52 92 82 66 17 71 98 92 21 73 85 42 40 23 68 13 63 72 87 51 64 79 28 66 47 23 45 55 83 31 52 92 71 45 64 49 13 21 83 88 46 62 27 75 56 13 94 74 11 13 44 36 90 97 76 38 80 42 81 16  3 77 64 12 48 50 98 30 34  4 19 60 36 18  9  6 
60 27 30 53 14 69 55 57 10 62 84 85 13 59 37 32 22 87 59 48 16 89 16 58 78 63 70 54 95 14 67 61 95 43 62 66 99 42 56 91 37 62 61 76 74 19 41 92 97 46 41  4 34 40 93 50 97 64 95  2 62 21 42 65 92 86 57 91  8  6 32  1 16 39 39 95 53 59 51 38 74 77 42 12 72 48 42 90 35 34  6 12 31 33  9 47  4  7 14  3 
Span: 5786

Total time: 841.821 sec
SD: 24.5218
