Tabutype: Swap Pair
Tabulist Size: 500 ~ 2000
Iteration Times:1000
Solution Num:50

Solution:
Max: 5527 min: 5495 avg: 5522.7
5527 5527 5527 5527 5527 5527 5527 5527 5527 5509 5527 5527 5495 5527 5527 5527 5527 5527 5527 5527 5527 5527 5495 5527 5527 5527 5527 5527 5527 5495 5527 5500 5527 5527 5527 5527 5495 5527 5527 5527 5527 5522 5495 5527 5527 5527 5527 5527 5527 5522 

Jobs:100 Machines:5
52 47  7 42 49 11 67 74 66 44 38  6  7 54 61 42 88 74 79  6 85 10 12  4 28 79 26  1 79 75 69 21 34  4  8 43 30 89 86 65 79 55 82 61 21 98 27 33 69 25 27 71 54 44 86 68 98 19 26 66  8 31  4 40 48 95 80 57 52 62 13 79 83 85 97 42 55 59 50 82 81 59 45 99 46 84 97 74 67 91 61 29 39 55 84 87 60 64 93 73 
97 28  6 40 14 46 73 77 52 37 55 77  1 15 69 68  7 59  1 10 19 46 16 40 21 16 73 84 59 68 52 76 96 22 90 46 44  7 24 55 89 51 36 79 50 42 52 88 39 92 16 36 28 51 70 89 41 26 64  7 93 49 27  4 35 66 16 97 88 15 94 82 81 16 37 46 84 72 18 14 93 33 40 72 56 79 47 22 49 51 22 90 19 98 46 58 28 44 31 34 
12  9  2 30 74 65 57 81 20 71  7 62 78 42  8 19 40 57 61 92 36  1 68 92 37 57 66  6 14  1 31 84 11 83 52 88 84 61 80 41 26 96 55 33 96 16 51  4 91 25 79 98 42 28 34 20 59 28 43 41  2 38 99  4 96 44 75 38 30 78 56 65 54 62  2 95 89 98 67 82  4 57 56 91 99 30 85 20 68 76 83 18 33 95 37 76 16 58 35  8 
 8 53  9 63 47 90 18 80 22 54 50 84 24 77 63 53 42 11 81  4 64 54 84 89 80 31 67 96 39 91 18 49 33 97 26  9 95 62 56 98 64 32 67 97 16 67 34 90 90 20 91 62 28 55 12 50 12 73 25 95 92 69 54 92 49 21 87 46  3 94 82 56 87 63  7 26 10  1 89 22 52 38 90 45 65 25 46 76 33 45 47  3  6 56 86  5 70 43  3 62 
35 49 39 89 98 98 41  7 79 35 61 85 54 70 62 64 69 76 63 44 47 33 55 84 90 45 46 77 86 84 80 18  8 50  3  5 41 84 82 94 98 56 42 89 55 92 51  6 70 68 17 43 45 16 98 99 70 20 36 52 88 17 97 40 48 84 63 34 96 15 94 47 14 37 87 55  1 12  6 59 16 89 11 85 95 49  5  6 62 56 49 22 37 50 60  7 36 12 73 10 
Span: 5495

Total time: 510.095 sec
SD: 10.3987
