Tabutype: Swap Pair
Tabulist Size: 50
Iteration Times:1000
Solution Num:50

Solution:
Max: 1297 min: 1278 avg: 1295.68
1297 1297 1297 1297 1297 1297 1283 1297 1297 1297 1297 1297 1297 1297 1297 1297 1297 1297 1283 1278 1297 1297 1297 1297 1297 1297 1297 1297 1297 1297 1297 1297 1297 1297 1297 1297 1297 1297 1297 1297 1297 1297 1297 1297 1297 1297 1297 1278 1297 1297 

Jobs:20 Machines:5
27 12 36 14 76 15 32 54 68 53 38 83 71 77 87 77 29 87 94 91 
 5 47 70 73  3 11 21 79  5 99 60  3 99 56 86 14 75 56 77 61 
57 63 45 63  7 49 26 16 77 60 23 89 15 89 75 47 41 64 40  1 
49 56 91 39 85 31 54 66 51 13 59 58 68 78 77 40 41 85 31  9 
69 47 35  8 86 20 58 58 68 53 41 56 85 53 18 87 49 13 28 72 
Span: 1278

Total time: 3.76434 sec
SD: 4.57785
