Tabutype: Swap Pair
Tabulist Size: 100
Iteration Times:1000
Solution Num:50

Solution:
Max: 3962 min: 3917 avg: 3941.86
3940 3950 3950 3956 3932 3937 3937 3950 3947 3948 3928 3952 3935 3941 3943 3929 3950 3962 3937 3955 3934 3937 3947 3961 3957 3960 3941 3935 3957 3943 3947 3919 3927 3934 3933 3943 3922 3946 3930 3933 3931 3943 3960 3923 3942 3956 3917 3953 3952 3931 

Jobs:50 Machines:20
 2  4 12 28  4 34 62 28 71 53 51 83  2 46 89 89 44 44 40 73 52 68 41  8 55 21 91 20 98 53 95 96 33 98 97  4 95 37 80 86 57 95 59 60 85 37 14 84 75 42 
 4 17 60 24 90 82 18 55 58 15 57 50 14 99 10 71 53 24 68 33 63 52 97 75  6 91  5  7 33 31 99 91 78 41 49 75 93 74 46 93 21 17 82 47 98 42 18 80 70 69 
13 80 81 35 19 24 37 16 11 32 67 20 66 74 40 62 46 34 53  5 82 65 78 90 76 48 24 59 85 95 21 35  2 82  6 93 67 66 12 63 23 65 73  9 30 48 24 87 95 79 
71 86 29 71 47 17 21 28 41 96 26 69 66 21 36  5 76 68 26 36 16 95 61 56 62 86  3 49 52  8 26 59 47 81 56 53 72 53 27 66 31 67 36 55 76 93 76 37 66 46 
92 27 20 39 38  7 38 74 10 84 84 14 70 26 78 44 21 83 33 75 63 85 29 67 97 66 78  8 60 25 55 56 10 42 72 23 76 61 86 24 59 58 75  8 20  9 79 30 35 59 
55 19 85 28 12 55 54 88 81 65 14 93 53 15 76 10 47 65 76 23 94 77 41 30 67 27 24  6 39 15 34  8 91 41 92 60 96 18 77 17 66 96 10 76 85 56 55 18 62 89 
32  7 14 32 68 43 98 12 97 14 90 89 62 37 37 28  8 75 74  9 79 60 29  1 89 47 17 64 14 78 21 33 38 87 89 22 24 56 19 34 45 21 84 12 99 57 25 26 32 93 
84  2 39 67 36 33 83 46 96 49 49 53 31 68 78 58 48 56 22 62 22 29 77 89 27 24 70 30 85  5  6 78 93 83 86 45 50 82 52 38 57 71 98 88 44 65 21 50 55 24 
71 76 69 33 43 65 93 59 70 77 83 49 21 57 82 80 17  3 46  2 80 14 77 85 19 82 68 30 72  4 13 86 59 85 33 76 93 21 59 35 78 67 46 10 70 75 25 72 77 64 
93 30 30 10 32 39 32 14 43 77 60  7 98 22 98  9 66 14 73 22 96 25 48 31 34 91 31  4 77 55  3 81 45 87 95 95 58 11  5 96 84 11 88 79  1 10 64 70 57 50 
48 35 62 45 72 75 65 98 92 80 79 25 36 98 34 26 88 43 17 74 53 57 14 77 55 30 39 95 30 72 19 67 93 88 48 46 29  3 90 39 93  9 77 13 94 93 79 42 62 99 
66 85 64 48 61 69 36 82 63 81 21 27 97 46 96 25 38 44 56 26 54 75 31  3 67 51 65 92 31 20 67 18 73 29 61 44 24 81 90 51 98 27 38 36 96 72 97 15 77 25 
98 57 81 32 22 13 69 30 19 26 43 95 44 59 35  3 22 84 48 78 71  4 14 35 63 13 76 16 25 49 90 96 55 87  1 81 26 53 68 98 88 14 27 65 76 94  2 78 82 59 
82 52 71 38 96  4 97 17 75 56 88 69 61 95 10 50 65 39 65 14 27 30 17 43 73 24 52 90 74 56 93 19 42 37 76 63 85 39 66 91 34 16  8 59 88 51 46 51 63 49 
96 76 42  3 51 17 66 97 47 11 95 53 29 38  2 90 84 89 82 44 95 83 10 12 14 11 25 83 83 80 53 69 19 87 90 30 29 91 65 23 54 79 56 22 34 53 16 84 22 54 
40  6 11 30 82 64 49 58 11 23  9 35 88  6 85 51 53 85 52 37  3 19 68 23 65 31 66 32 44 19 80 80 52 96 77  3 59 75 11 22 43 37 21 59 64 63 22 48 32 78 
31  8 50  2 55 51 45 58 52 82 46 63 83 64 98 64 87 71 49 23 92 81 21 88 36 36 52 92 18 42 62 30 68 56 42 13 97 17 64 13 66  3 94 94 50 21  6 23 83 11 
77 40 96 73 79 75 66 72 98 98  9 92 28 88 47 82 85 68 13 83 80 27 76 51 45 87 61 33 78 66 38 90 13 12 74 48 71  4 66 49 44 98 77 31 16 23 60 19 34 55 
59 32 85 48 53 16 41 59 93 58 92 37 34 74 67 95 14 14  2 42 61 42 95 65 95  4 78 63  7 77 86 12 27  8 66 39 59 95 42  6 92 72 32 30 34 21  3 46 42 16 
22 99 55 43 19 91 54 62 87 62 14 50 41 84 97 70 62 56 91 37 74 57 51 76 64 61 13 60 69 57 38 53 62 90  1 35 97 33 10 89 39  6 48 40 12 16 47  9 31  4 
Span: 3917

Total time: 176.296 sec
SD: 11.6163
