Tabutype: Swap Pair
Tabulist Size: 50
Iteration Times:1000
Solution Num:50

Solution:
Max: 1611 min: 1583 avg: 1596.8
1598 1590 1602 1593 1597 1593 1611 1595 1583 1598 1591 1597 1592 1593 1596 1602 1593 1602 1596 1594 1608 1603 1602 1593 1594 1593 1596 1598 1605 1596 1595 1591 1586 1603 1603 1603 1599 1593 1600 1603 1600 1595 1588 1600 1593 1593 1598 1601 1592 1600 

Jobs:20 Machines:10
22 21 21 44 31 61 66 37  4 97 58 28 99 83 83 94 94 58 74  6 
15 34  3 41 54 98 42 88 61 70 27 76 49 87 72 76 43 64 28 79 
34  7 52 87 46 60 26  7 13  7 56 32 36 98 48 23 36 32 89 85 
10 76 88 48 79 26 77 24 58 95 26 98 85 47 55 19 78 29 60 90 
39 70 66 11 16 41 30  5 57 68 12 82 58 84 31 23 58 99 54  5 
74 57 11 19 51 36 40 79 97 54 54 53 24 77  3 53 86 65 92 56 
91 27  8 96 49 82 60 37 72 43 88 22 84  2 67 93 13 50  9 11 
28 95 18 61  6 90 75 38 28 57 25 51  4 18 80 69  5 84  4  4 
48 56 15 83 76 99 74 18 49 84 91 10 96 70 86 58 64 62 25 14 
 4 95 84 66 76 26 67 98 30 70  8 79 71 91 62 42 91  9 15  3 
Span: 1583

Total time: 6.19057 sec
SD: 5.46977
