Tabutype: Swap Pair
Tabulist Size: 100
Iteration Times:1000
Solution Num:50

Solution:
Max: 3126 min: 3032 avg: 3063.48
3049 3063 3063 3063 3051 3053 3052 3052 3057 3063 3063 3063 3083 3083 3063 3044 3063 3076 3046 3079 3063 3063 3053 3066 3052 3063 3085 3063 3052 3063 3073 3063 3087 3045 3073 3063 3052 3063 3074 3086 3063 3085 3126 3034 3032 3063 3075 3075 3053 3037 

Jobs:50 Machines:10
 2 53 13  2 38 75 42 76 16 52 44  8 79 85  7 61 32 45 44 10 19 19 85 49 84 11 47 98 26  7 69 85 85 88 66 95 97 12 63 73 23 73 24 46 19 90 24 44 61 58 
74 37 26 10 42 59 56 30 50 87  4 69 51 11 55 35 25 25 28 93 53  4 93  2 81 85 40  4 22 96 94 63 94 56 64 16 73  7 63 71 99 15 40 61 66 87 90 96 36 67 
28  2 11 87 23 43  9 71 76  1 88 32 58 11 32 35 41 85 58 71 82 36  3 69 64 61 53 53 39 67 24 88 64 17 48 96 33 90 69 38 49  7 91  3 25 96 56 10 26 83 
37  2 39 65 41 19 69 67 18 24 22 39 21 87 10  6 91 57 50 51 31 47 24 91 36 57 63 56 77 68 43 59 21 75 63 11 69 49 78 12 29 54 92 51 62 31 51  4 87 15 
 3 44 97 91 10 36 59  6 93 16 58 82 42  3 87 71 24 47 94 14 94 77 44 51 11 44 99 69 31 36 54 38 72 37 88 41 94 86 33  7 48 49 98 37 66 94 34 25 62 78 
11 25 27 44  2 62 27 90 24 93 99  1 68 40 99 43 15 75 34 44 98 82 36 28 91  6 83 60 73 33 35 43 76 30 74 78 37 52 91 66 62  8 60 79 11  3 39 76 62 16 
11 97 71  3 54 78 92 57  5 87  7 95 38 61 95 23 87 38 23 67 67 29 85 67 77 85  8 49 46  8 37 94 97 27 66  7 86 82 52 48  6 57 72 83  4 65 19 76 22 46 
28 92 42 98 80 68 41 57 94 29 39 47 99 86 75 61 59 25 80 55 95 14 74 74 11 72 55  8  3 89 24 90 33 66 47 26 98 55 47 69 30 98 47 22 26  5 82 36 38 41 
93 16 22 23 53 20 94 34 87 92 62 41 75 59 15 81 54 94 37 41 33 65 27 39 88 36 14 79 43 22 81 66 56 78  2 91 18 12 93 51 32 40 30 27  2 77 58  5 30  1 
49 62 82 32 34 50 81 81 10 47 90 93 39 38 12 81 39 66 24 46 94 91 51 22 54 11 97 23 57 62 87 26 68 11 93 64 41 59 40 23 84  2 11 24 34 27 23 22 21 10 
Span: 3032

Total time: 93.8957 sec
SD: 16.0398
