Tabutype: Swap Pair
Tabulist Size: 600
Iteration Times:1000
Solution Num:50

Solution:
Max: 3985 min: 3939 avg: 3966.42
3973 3964 3967 3962 3963 3963 3975 3973 3970 3975 3939 3983 3977 3985 3946 3967 3972 3977 3976 3977 3973 3968 3958 3970 3948 3967 3956 3947 3945 3957 3962 3984 3962 3965 3970 3960 3968 3977 3968 3981 3976 3961 3966 3982 3971 3941 3962 3963 3966 3963 

Jobs:50 Machines:20
 2 12 14  2 46 53 28 96 53 60  4 34 28 89 89 20 21  8 62 37 44 95 71 52 91 44 40  4 57 55 95 59  4 33 95 73 68 51 86 41 98 97 84 83 75 80 98 85 37 42 
 4 60 18 14 99 15 55 91 31 47 17 82 24 71 10  7 91 75 18 74 53 99 58 63  5 24 68 90 21  6 17 82 75 78 93 33 52 57 93 97 41 49 80 50 70 46 33 98 42 69 
13 81 24 66 74 32 16 35 95  9 80 24 35 62 40 59 48 90 37 66 46 21 11 82 24 34 53 19 23 76 65 73 93  2 67  5 65 67 63 78 82  6 87 20 95 12 85 30 48 79 
71 29 76 66 21 96 28 59  8 55 86 17 71  5 36 49 86 56 21 53 76 26 41 16  3 68 26 47 31 62 67 36 53 47 72 36 95 26 66 61 81 56 37 69 66 27 52 76 93 46 
92 20 79 70 26 84 74 56 25  8 27  7 39 44 78  8 66 67 38 61 21 55 10 63 78 83 33 38 59 97 58 75 23 10 76 75 85 84 24 29 42 72 30 14 35 86 60 20  9 59 
55 85 55 53 15 65 88  8 15 76 19 55 28 10 76  6 27 30 54 18 47 34 81 94 24 65 76 12 66 67 96 10 60 91 96 23 77 14 17 41 41 92 18 93 62 77 39 85 56 89 
32 14 25 62 37 14 12 33 78 12  7 43 32 28 37 64 47  1 98 56  8 21 97 79 17 75 74 68 45 89 21 84 22 38 24  9 60 90 34 29 87 89 26 89 32 19 14 99 57 93 
84 39 21 31 68 49 46 78  5 88  2 33 67 58 78 30 24 89 83 82 48  6 96 22 70 56 22 36 57 27 71 98 45 93 50 62 29 49 38 77 83 86 50 53 55 52 85 44 65 24 
71 69 25 21 57 77 59 86  4 10 76 65 33 80 82 30 82 85 93 21 17 13 70 80 68  3 46 43 78 19 67 46 76 59 93  2 14 83 35 77 85 33 72 49 77 59 72 70 75 64 
93 30 64 98 22 77 14 81 55 79 30 39 10  9 98  4 91 31 32 11 66  3 43 96 31 14 73 32 84 34 11 88 95 45 58 22 25 60 96 48 87 95 70  7 57  5 77  1 10 50 
48 62 79 36 98 80 98 67 72 13 35 75 45 26 34 95 30 77 65  3 88 19 92 53 39 43 17 72 93 55  9 77 46 93 29 74 57 79 39 14 88 48 42 25 62 90 30 94 93 99 
66 64 97 97 46 81 82 18 20 36 85 69 48 25 96 92 51  3 36 81 38 67 63 54 65 44 56 61 98 67 27 38 44 73 24 26 75 21 51 31 29 61 15 27 77 90 31 96 72 25 
98 81  2 44 59 26 30 96 49 65 57 13 32  3 35 16 13 35 69 53 22 90 19 71 76 84 48 22 88 63 14 27 81 55 26 78  4 43 98 14 87  1 78 95 82 68 25 76 94 59 
82 71 46 61 95 56 17 19 56 59 52  4 38 50 10 90 24 43 97 39 65 93 75 27 52 39 65 96 34 73 16  8 63 42 85 14 30 88 91 17 37 76 51 69 63 66 74 88 51 49 
96 42 16 29 38 11 97 69 80 22 76 17  3 90  2 83 11 12 66 91 84 53 47 95 25 89 82 51 54 14 79 56 30 19 29 44 83 95 23 10 87 90 84 53 22 65 83 34 53 54 
40 11 22 88  6 23 58 80 19 59  6 64 30 51 85 32 31 23 49 75 53 80 11  3 66 85 52 82 43 65 37 21  3 52 59 37 19  9 22 68 96 77 48 35 32 11 44 64 63 78 
31 50  6 83 64 82 58 30 42 94  8 51  2 64 98 92 36 88 45 17 87 62 52 92 52 71 49 55 66 36  3 94 13 68 97 23 81 46 13 21 56 42 23 63 83 64 18 50 21 11 
77 96 60 28 88 98 72 90 66 31 40 75 73 82 47 33 87 51 66  4 85 38 98 80 61 68 13 79 44 45 98 77 48 13 71 83 27  9 49 76 12 74 19 92 34 66 78 16 23 55 
59 85  3 34 74 58 59 12 77 30 32 16 48 95 67 63  4 65 41 95 14 86 93 61 78 14  2 53 92 95 72 32 39 27 59 42 42 92  6 95  8 66 46 37 42 42  7 34 21 16 
22 55 47 41 84 62 62 53 57 40 99 91 43 70 97 60 61 76 54 33 62 38 87 74 13 56 91 19 39 64  6 48 35 62 97 37 57 14 89 51 90  1  9 50 31 10 69 12 16  4 
Span: 3939

Total time: 199.936 sec
SD: 10.9304
