Tabutype: Swap Pair
Tabulist Size: 20
Iteration Times:1000
Solution Num:50

Solution:
Max: 1297 min: 1278 avg: 1295.86
1297 1297 1278 1297 1297 1297 1297 1297 1297 1297 1297 1297 1297 1297 1297 1297 1297 1297 1297 1297 1297 1278 1297 1297 1297 1297 1297 1297 1297 1297 1297 1297 1297 1297 1297 1297 1297 1297 1297 1297 1297 1297 1297 1297 1278 1297 1297 1297 1297 1297 

Jobs:20 Machines:5
27 12 29 38 32 76 36 68 14 87 15 53 77 54 77 71 83 87 94 91 
 5 47 75 60 21  3 70  5 73 86 11 99 14 79 56 99  3 56 77 61 
57 63 41 23 26  7 45 77 63 75 49 60 47 16 89 15 89 64 40  1 
49 56 41 59 54 85 91 51 39 77 31 13 40 66 78 68 58 85 31  9 
69 47 49 41 58 86 35 68  8 18 20 53 87 58 53 85 56 13 28 72 
Span: 1278

Total time: 3.35022 sec
SD: 4.55806
